Num nodes,Trial number,Quadratic Fill L2,Quadratic Fill Percentile 000,Quadratic Fill Percentile 025,Quadratic Fill Percentile 050,Quadratic Fill Percentile 075,Quadratic Fill Percentile 100,Quadratic Regres L2,Quadratic Regres Percentile 000,Quadratic Regres Percentile 025,Quadratic Regres Percentile 050,Quadratic Regres Percentile 075,Quadratic Regres Percentile 100,Quintic Interp L2,Quintic Interp Percentile 000,Quintic Interp Percentile 025,Quintic Interp Percentile 050,Quintic Interp Percentile 075,Quintic Interp Percentile 100
4,0,111997.81155272879,0.12558531046383625,0.12755134563596163,0.18837425274553815,0.8956456778021308,0.8962930889334381,109739.02292974296,0.12558531046383625,0.14548797477319658,0.186072725617149,0.8936688568721594,0.8962930889334381,111997.81155272879,0.12558531046383625,0.12755134563596163,0.18837425274553815,0.8956456778021308,0.8962930889334381
4,1,44345.03500680413,0.2784872826479753,0.6173873220144911,0.6213346651532419,0.6280768384302904,0.6762549019801313,103558.355040706,0.2784872826479753,0.6181214670227121,0.6229702459690364,0.6334735893732572,0.6762549019801313,41887.0437190336,0.2784872826479753,0.6149591340513922,0.6233818999157257,0.6377232613288234,0.6762549019801313
4,2,8.17559568612214,0.15686773847496327,0.21277103144267256,0.3107355589993205,0.4547195759673616,0.6931379183129963,26.48065489003306,0.15686773847496327,0.22428843379262858,0.3120327887087791,0.4539778652371572,0.6931379183129963,8.417958400222664,0.15686773847496327,0.2211373584918976,0.30855714891281527,0.45419977907431514,0.6931379183129963
4,3,56.38706540950351,0.38797125755564876,0.8038936292079497,0.9342712728763887,0.9494925365509895,0.9759954224729338,377.7003400720812,0.38797125755564876,0.7689147646419635,0.8909770488820652,0.9576010213359423,0.9759954224729338,64.61947721589897,0.38797125755564876,0.7913964902953179,0.9257400722283954,0.9405824314800244,0.9759954224729338
4,4,13.272519904966812,0.22505450483983191,0.3219518806890022,0.39903771524378934,0.41922144887709845,0.6534109025235362,146.7405875910954,0.22505450483983191,0.32170185398489204,0.4074474813065754,0.44745595690276085,0.6534109025235362,15.574247673600604,0.22505450483983191,0.351267050758992,0.3646540911044957,0.4180887347243463,0.6534109025235362
4,5,2573.2696649323766,0.2834878624322098,0.5409254619215921,0.5489220974409679,0.6375001860390919,0.8605339129469265,8768.10583368547,0.2834878624322098,0.5270147668771135,0.5413853194355863,0.6352570508804957,0.8605339129469265,2848.9076510990867,0.2834878624322098,0.5432609679395246,0.5779641760499593,0.6039880986745317,0.8605339129469265
4,6,6005089.63961963,0.08722936878080467,0.47794792501447325,0.4879000820534203,0.5064700289544815,0.5140350598174419,13382149.499276405,0.08722936878080467,0.47794792501447325,0.4879000820534203,0.5064700289544815,0.5140350598174419,4764996.806327145,0.08722936878080467,0.48344296382523533,0.48364134771029765,0.48689908853484376,0.5140350598174419
4,7,8582.30468258785,0.3398486639568179,0.5350216790398482,0.6315250980560752,0.6628763754330769,0.6681348047352675,241246.57885402226,0.3398486639568179,0.5358462895906747,0.620082153990513,0.6314128548586404,0.6681348047352675,8414.991815715126,0.3398486639568179,0.5373335172366482,0.6303138807439055,0.6601331710522311,0.6681348047352675
4,8,152.92891592780572,0.23058420435507399,0.5033399771393756,0.6604148918782272,0.7267988674942885,0.9716026061735676,489.07299210778575,0.23058420435507399,0.40462968089493667,0.6630000716471565,0.7515141211953451,0.9716026061735676,300.19352630920247,0.23058420435507399,0.5669298131786927,0.6548593536046246,0.7159059198604043,0.9716026061735676
4,9,1.0840128130712743,0.07256213782223342,0.07285374047429238,0.08187500381207617,0.1364512889150537,0.19897602629707833,3.4305520910554828,0.07256213782223342,0.08284588427942328,0.08761802818760181,0.13742038659210304,0.19897602629707833,1.057577565385441,0.07256213782223342,0.07285374047429238,0.08187500381207617,0.1358475477163279,0.19897602629707833
4,10,1861.0473902605584,0.2638866709525134,0.5863324497705864,0.6815405096034512,0.6936409596535174,0.7071806008078977,4100.307640954333,0.2638866709525134,0.5863324497705864,0.6815405096034512,0.6936409596535174,0.7071806008078977,732.3943045646962,0.2638866709525134,0.6636901951689418,0.6816114498282175,0.682294904259011,0.7071806008078977
4,11,19.069010594833074,0.6603259063996125,0.6930674799642409,0.7387287746080133,0.8202820749921568,0.9139752670059378,8.637387499176564,0.6603259063996125,0.6979644706179873,0.7319414739352079,0.8229067060127155,0.9139752670059378,4.669796611247846,0.6603259063996125,0.6833863938872479,0.7285149857836983,0.8211416788583744,0.9139752670059378
4,12,331.2476598599465,0.19207229639360313,0.5533317517409656,0.7556764047022702,0.7599851366966857,0.9720983636837658,413.6987116821543,0.19207229639360313,0.5213249977658051,0.756655870111024,0.7610927389629675,0.9720983636837658,332.051469082655,0.19207229639360313,0.6439398154780258,0.7420741399495188,0.7608337556623219,0.9720983636837658
4,13,6134.679456901707,0.4552793614808863,0.4560165177307258,0.4788217995206556,0.9072861189121353,0.9279363475621256,6042.887184530171,0.4552793614808863,0.4658050567028941,0.4782139800351992,0.8855587050954523,0.9279363475621256,6134.679456901707,0.4552793614808863,0.4560165177307258,0.4788217995206556,0.9072861189121353,0.9279363475621256
4,14,6151.565837432514,0.04910892439787362,0.4847607687954359,0.6094646914622757,0.6382548198840712,0.6401766168990589,8541.563885684482,0.04910892439787362,0.5077122989384303,0.6001472026935353,0.6049791177210971,0.6401766168990589,6151.565837432514,0.04910892439787362,0.4847607687954359,0.6094646914622757,0.6382548198840712,0.6401766168990589
4,15,110.38096622237914,0.27478050549563926,0.3248685216452135,0.42690411217457047,0.5366458975057371,0.9564495113173804,464.382978127504,0.27478050549563926,0.35098919406790674,0.42566016957213837,0.5524288348635371,0.9564495113173804,133.35255943482542,0.27478050549563926,0.4150731737229797,0.43376607795239797,0.5391614171618628,0.9564495113173804
4,16,292265.4189114571,0.17003354423713468,0.7323244898425533,0.8166859886964419,0.8361623478511363,0.8374624326697224,366640.3225772116,0.17003354423713468,0.6966481704559029,0.7201458394075035,0.7896140596767245,0.8374624326697224,288042.22417356045,0.17003354423713468,0.7323244898425533,0.8166859886964419,0.8361623478511363,0.8374624326697224
4,17,11.458016586900824,0.158033654701494,0.23919476215607954,0.45648560092453794,0.7375311495337007,0.8641196694106438,18.939721433910766,0.158033654701494,0.24522376121504152,0.4564052122671382,0.7375314846426054,0.8641196694106438,14.501190282519206,0.158033654701494,0.23296119856306644,0.48353134408966014,0.7366231058241945,0.8641196694106438
4,18,144.85323643985856,0.13946712418246032,0.14051017085608092,0.17277873443014724,0.3990519669411164,0.7266897514901979,836.4574671676091,0.13946712418246032,0.19391120277596488,0.21169957558763106,0.40239773856900574,0.7266897514901979,141.4355471283688,0.13946712418246032,0.14051017085608092,0.17277873443014724,0.3985608876067503,0.7266897514901979
4,19,78049701.7210164,0.2049397689077791,0.20990958231079412,0.2269115917143972,0.23951836461429082,0.9716242970779807,164182878.72530735,0.2049397689077791,0.20990958231079412,0.2269115917143972,0.23951836461429082,0.9716242970779807,71592412.65609856,0.2049397689077791,0.23106904978098908,0.239268313324187,0.2405492791696941,0.9716242970779807
4,20,1814.7796372176779,0.0921315918005916,0.22817728663694767,0.3129115474031971,0.849206128094925,0.8721795083994259,850.6374813658539,0.0921315918005916,0.1814063011947781,0.3522358307974631,0.8505731559131,0.8721795083994259,585.0468604755057,0.0921315918005916,0.10621305264668579,0.417301244935642,0.849206128094925,0.8721795083994259
4,21,7362.176023775698,0.09556681500661357,0.30532294846693436,0.3317422325642754,0.34465854568204923,0.5394465002646668,20222.140576433245,0.09556681500661357,0.3008966341807663,0.31002963388883664,0.31926181403053255,0.5394465002646668,7119.2668993782045,0.09556681500661357,0.2829550700050901,0.30569457258716976,0.34169747266354933,0.5394465002646668
4,22,4.4970316353881215,0.34309386439196143,0.5685536978198064,0.7501101124673282,0.8957158663029138,0.9652933511063657,39.779085408620716,0.34309386439196143,0.5483045585468216,0.7501091402732565,0.8697532016487636,0.9652933511063657,4.013205635253707,0.34309386439196143,0.5555577262405991,0.7500214245057435,0.8965712143925981,0.9652933511063657
4,23,84929.2010211743,0.15626242367127352,0.40891518469049765,0.44753034414661486,0.49443509500928245,0.7427372735496288,205486.9550403438,0.15626242367127352,0.44179357073855824,0.46103742576633044,0.49738427387184236,0.7427372735496288,93049.24516636723,0.15626242367127352,0.46362188353977785,0.5113858815951537,0.5167694948172279,0.7427372735496288
4,24,116.05579241022316,0.06227948040577591,0.3132290945984634,0.4491817099621878,0.45902034956175874,0.8842414310877372,316.20414129504957,0.06227948040577591,0.27747608047868316,0.45101161224250963,0.45786336559700924,0.8842414310877372,171.98127177423515,0.06227948040577591,0.42658595447949144,0.44581026337968066,0.45444382569212366,0.8842414310877372
4,25,27111623.412743323,0.18377231801244276,0.5543348546171994,0.5775857210592619,0.5829535989613337,0.5833119152417574,44394015.53029542,0.18377231801244276,0.5372573752576129,0.5468771468825581,0.5713038783504849,0.5833119152417574,27027403.63224373,0.18377231801244276,0.5543348546171994,0.5775857210592619,0.5829535989613337,0.5833119152417574
4,26,266041808.30276826,0.15308930072651616,0.19309252966788365,0.22346213295466705,0.25295091188818974,0.7987182705963105,585506478.8709874,0.15308930072651616,0.19309252966788365,0.22346213295466705,0.25295091188818974,0.7987182705963105,263068182.24869248,0.15308930072651616,0.22009479724986974,0.22332304831869715,0.22564325916064973,0.7987182705963105
4,27,17114.56318911897,0.16252068486651927,0.539881779352765,0.6794858239106952,0.7413461790718167,0.7952045871766384,36754.31664222298,0.16252068486651927,0.539881779352765,0.6794858239106952,0.7214532861923233,0.7952045871766384,5234.474608929561,0.16252068486651927,0.6554316761100452,0.6795017626851084,0.6829159016281994,0.7952045871766384
4,28,18.17640989699117,0.1342181696990331,0.2638384316239813,0.36240103165402493,0.4054495249442803,0.5970032422003301,41.096492887691674,0.1342181696990331,0.24673272448535996,0.35917566168606985,0.4070433952661928,0.5970032422003301,29.326436209461033,0.1342181696990331,0.32987768725105976,0.3702256488947678,0.4082661390659327,0.5970032422003301
4,29,286.57575064428573,0.14528995885356388,0.6772387077471477,0.7326400197883088,0.8761828762843198,0.9359721764957816,393.2309895334525,0.14528995885356388,0.622882261741176,0.8224784360162023,0.8484895016959676,0.9359721764957816,34.96648041160772,0.14528995885356388,0.6109531298136222,0.871031175343524,0.931908496984003,0.9359721764957816
4,30,1729.830922279726,0.004266434167159439,0.02045699801950898,0.05612945507592393,0.06686774566826725,0.7060561835840063,24582.64282330735,0.004266434167159439,0.02045699801950898,0.05612945507592393,0.10420623267838802,0.7060561835840063,1821.3015820156754,0.004266434167159439,0.05304280871982539,0.06134613918148355,0.06249001298113571,0.7060561835840063
4,31,10883.23453178483,0.46569307144373673,0.6277724704200297,0.6585821697167983,0.6816969035508358,0.8570664326413197,27461.04790763921,0.46569307144373673,0.628377108464844,0.6498042433033064,0.6573063463753678,0.8570664326413197,11498.64938350563,0.46569307144373673,0.6326491423584314,0.6330372320948945,0.6476799826405308,0.8570664326413197
4,32,0.818435948224183,0.44591410991086855,0.4737114381622808,0.5459777462275619,0.6344245121856865,0.6759965874682478,6.947075916951251,0.44591410991086855,0.47806228640253623,0.5481864799193438,0.6275544243947293,0.6759965874682478,0.8026734301518511,0.44591410991086855,0.47919600550181307,0.5527332506409417,0.6303815448043787,0.6759965874682478
4,33,311.91130810814894,0.22033633154831267,0.22114481746057907,0.24615681329787586,0.7519966460956106,0.9275292758120225,259.86310568490484,0.22033633154831267,0.23357008026420015,0.24564274980346598,0.6187691054227578,0.9275292758120225,177.40639108524124,0.22033633154831267,0.22114481746057907,0.24615681329787586,0.654936513015518,0.9275292758120225
4,34,2.269844438757715,0.4175619104085895,0.44404305941016275,0.4898168777570305,0.5799500117302434,0.735324187495144,6.033317574754284,0.4175619104085895,0.44914689012549835,0.4888015715737423,0.601775803356998,0.735324187495144,2.998160017791228,0.4175619104085895,0.4487051807140996,0.489947768612774,0.5744379966809948,0.735324187495144
4,35,15.104103311614157,0.25018894238936007,0.5884562459219229,0.8062384312153262,0.8874047775636698,0.9198206139724224,60.74385190110131,0.25018894238936007,0.5434647806395014,0.8400961365684156,0.888475199677934,0.9198206139724224,26.584587901282262,0.25018894238936007,0.6373942361727032,0.8214719258437456,0.8873160416833605,0.9198206139724224
4,36,52.562765735082614,0.07291709358215726,0.09150554232627517,0.12436702873567487,0.2103823696171191,0.5338360410059095,45.1923771735809,0.07291709358215726,0.09240454334610691,0.10080607810701832,0.21701056563303514,0.5338360410059095,26.69553862824301,0.07291709358215726,0.09287370648654614,0.10277755877418923,0.20868264801556566,0.5338360410059095
4,37,477.2402722562296,0.08408068107668132,0.4573506061559957,0.6073876288727235,0.7172031449638376,0.9826874926455662,1269.2060416916786,0.08408068107668132,0.37143232133155607,0.60634227817922,0.785968299390765,0.9826874926455662,844.468624827647,0.08408068107668132,0.4916921383206258,0.606687386209464,0.6850309844241319,0.9826874926455662
4,38,222668.78242952348,0.08949499139510886,0.5235030039291011,0.5517165387121795,0.6484622110022122,0.6909637037652651,507996.35688571277,0.08949499139510886,0.5235030039291011,0.5517165387121795,0.6484622110022122,0.6909637037652651,153746.75611911246,0.08949499139510886,0.5344560024489929,0.5351400858377522,0.5500733765693786,0.6909637037652651
4,39,29537.69784187569,0.2097064361616212,0.23984274476847606,0.5548181381579584,0.5692452038234709,0.5702082384902432,29485.669537297326,0.2097064361616212,0.23721663793971898,0.5522909328180827,0.5573866556017898,0.5702082384902432,29537.69784187569,0.2097064361616212,0.23984274476847606,0.5548181381579584,0.5692452038234709,0.5702082384902432
4,40,211.95558374812236,0.2703919968833126,0.581402630714712,0.598460421407641,0.6015575457181291,0.7446114470844425,664.5629311041921,0.2703919968833126,0.5809569657548227,0.5963403078358966,0.599834483691252,0.7446114470844425,211.7816338601397,0.2703919968833126,0.5807464499254843,0.6008656453323695,0.6059568616124511,0.7446114470844425
4,41,35.11739897404562,0.04905633250513164,0.15695018027647356,0.30644221237297964,0.6883993223556029,0.9957863055555854,27.5858319944701,0.04905633250513164,0.16962070152658748,0.30800409788822075,0.6937831907756026,0.9957863055555854,23.078536235864306,0.04905633250513164,0.1344556529884691,0.3103772598746931,0.6858721598070351,0.9957863055555854
4,42,199883.04572792447,0.3464017029002705,0.38864849419685454,0.5065458875468418,0.5508311486754272,0.9394034783011588,456538.65363955504,0.3464017029002705,0.38864849419685454,0.5065458875468418,0.5508311486754272,0.9394034783011588,183144.94173790584,0.3464017029002705,0.5098889015838534,0.5481644975917745,0.550832594317724,0.9394034783011588
4,43,25.100725424617185,0.0416156415309622,0.08711617050099202,0.12627020992786447,0.394749876493832,0.9456073188370446,76.4951644869153,0.0416156415309622,0.0998509776005347,0.12661481539852035,0.5815916269997908,0.9456073188370446,39.668709781626404,0.0416156415309622,0.1192227499566697,0.12845472754568235,0.31445267701278046,0.9456073188370446
4,44,6201.264268230936,0.0066942183815162926,0.010172991211309323,0.11779521470036339,0.7585965048184482,0.9989384412596936,36716.725492510865,0.0066942183815162926,0.1128031182054015,0.19216851003942853,0.6436774025658742,0.9989384412596936,3987.5727188769147,0.0066942183815162926,0.010172991211309323,0.11779521470036339,0.7911142215802908,0.9989384412596936
4,45,29.52231445564572,0.20310765674117526,0.25095984643969205,0.3226708912123384,0.353230069203871,0.6193272730794828,123.66781010673942,0.20310765674117526,0.26171597989406603,0.32132397474178276,0.36117603513038526,0.6193272730794828,36.33773203647767,0.20310765674117526,0.3189763978627191,0.3280653719253921,0.35508433860359756,0.6193272730794828
4,46,11.859862128355436,0.1699900179978242,0.45506747306169015,0.6015648207145379,0.6516757173255971,0.6979047464323436,52.71788443221164,0.1699900179978242,0.3903885510406888,0.6002063455487942,0.6550940457735129,0.6979047464323436,20.134774927661223,0.1699900179978242,0.4779562480554776,0.6018082972800209,0.6417298889720957,0.6979047464323436
4,47,97162570247.41173,0.013082809952181584,0.8901814862690454,0.9022842482592546,0.9050783870842813,0.9052649012802143,227660207098.02713,0.013082809952181584,0.8865114830919593,0.8914673929666012,0.9018034397312293,0.9052649012802143,99374621113.09402,0.013082809952181584,0.886484416571998,0.8866131320476808,0.889307544255655,0.9052649012802143
4,48,484.2175668900878,0.4123827669322211,0.7197233634718614,0.7702795390426121,0.877469817692535,0.9135358121693091,1123.484113728251,0.4123827669322211,0.7197233634718614,0.7702795390426121,0.877469817692535,0.9135358121693091,418.87926682887894,0.4123827669322211,0.7194905668232054,0.720781156043001,0.7484250081291702,0.9135358121693091
4,49,170.00525060207164,0.2096510681816579,0.2101241577487055,0.2247600519580335,0.31789336799395795,0.5346405094196484,4450.231583746783,0.2096510681816579,0.23609146442407075,0.24294698356017055,0.3158361088606561,0.5346405094196484,182.17690499441588,0.2096510681816579,0.2614250220218308,0.28051056750114167,0.29250362120586754,0.5346405094196484
4,50,155434.68963829722,0.3627879225706402,0.3795250068408776,0.41756973636738237,0.4296519662362114,0.8735071014697922,423555.4712167256,0.3627879225706402,0.37955407463941554,0.41760747295398204,0.4268284104990432,0.8735071014697922,157458.42550457653,0.3627879225706402,0.41468246004669046,0.4238660308840764,0.42421299540467383,0.8735071014697922
4,51,10.711835040350692,0.305111386874636,0.4513558770887324,0.5522250110572458,0.5941786758570716,0.6843016682312149,17.13895534840626,0.305111386874636,0.4401518477521926,0.5526351278417649,0.5936789087668425,0.6843016682312149,16.107021866612136,0.305111386874636,0.46781948744911583,0.5448090779928968,0.5967473933166921,0.6843016682312149
4,52,15701.286590227211,0.14489675498522758,0.14511485425702617,0.15186215559595928,0.7887614345482268,0.9592341415383292,22463.729114260084,0.14489675498522758,0.1498242044831413,0.15710028486031788,0.7488808532289173,0.9592341415383292,12675.77225868448,0.14489675498522758,0.14511485425702617,0.15186215559595928,0.8162063987609937,0.9592341415383292
4,53,159.663464618807,0.06104807517854138,0.06678329150437662,0.24708672061614695,0.6657508478670009,0.6955062919408151,298.1031774545236,0.06104807517854138,0.1080192905945424,0.23249615562668416,0.6491058791008444,0.6955062919408151,159.663464618807,0.06104807517854138,0.06678329150437662,0.24708672061614695,0.6657508478670009,0.6955062919408151
4,54,272.218134794515,0.3915017585897106,0.42036361753172086,0.4513181644817124,0.46859906401709095,0.9773942269486253,895.6682218506621,0.3915017585897106,0.42773621059242994,0.44868043608777397,0.4697378240588027,0.9773942269486253,314.9575988634065,0.3915017585897106,0.4459013081765704,0.44768771440180777,0.46956240783478925,0.9773942269486253
4,55,1708.9821462352288,0.014714783748600802,0.28931013093708186,0.5496979578755186,0.8636511800872761,0.8948493866530267,776.9852223389396,0.014714783748600802,0.22589949043752786,0.4485088597110242,0.8539733669114267,0.8948493866530267,314.4698535005036,0.014714783748600802,0.1589507726148282,0.36949755927219846,0.8636511800872761,0.8948493866530267
4,56,6704.947164357827,0.10785109714986307,0.5369805165221061,0.7179564974517345,0.7513727359111425,0.7846958472759,14415.985516950514,0.10785109714986307,0.5369805165221061,0.7179564974517345,0.7513727359111425,0.7846958472759,2048.2926168013764,0.10785109714986307,0.6834698573641191,0.7435676909026583,0.7447106568318643,0.7846958472759
4,57,157.36467874978698,0.17274179949635315,0.4997207084621125,0.8157809952744499,0.8567011180793198,0.8594326157894794,165.25539663828664,0.17274179949635315,0.43952833855633183,0.8191188379194512,0.8310012499148762,0.8594326157894794,157.36467874978698,0.17274179949635315,0.4997207084621125,0.8157809952744499,0.8567011180793198,0.8594326157894794
4,58,41313.74436315123,0.37972125002566703,0.4378325516896809,0.49010650803565586,0.5430026363572266,0.8660158187291082,105995.99399748909,0.37972125002566703,0.44114107230248584,0.49202822163085225,0.5059264382437103,0.8660158187291082,43263.278636408984,0.37972125002566703,0.48390413775426144,0.4900608872068864,0.4963224060456804,0.8660158187291082
4,59,13426616.72387537,0.12840907663536472,0.17923289252511534,0.31284146878733166,0.3316063414569801,0.5946827420377712,29709718.663286068,0.12840907663536472,0.2132703324199596,0.3085042231619488,0.3322801962721876,0.5946827420377712,13391401.134152927,0.12840907663536472,0.3047475986938218,0.3230611468023848,0.32347595253485517,0.5946827420377712
4,60,2815.840142988599,0.16447492185111412,0.2616499305143293,0.44825459545325397,0.6171679780788323,0.8345371836146807,1462.5234827794216,0.16447492185111412,0.25909441334150674,0.4411528417973106,0.6448466736451187,0.8345371836146807,930.653349899594,0.16447492185111412,0.2689883322426453,0.5369488904102269,0.7438787196553966,0.8345371836146807
4,61,2165.126439498505,0.42137635866178147,0.4481328866041795,0.4888243631776003,0.5063884531060486,0.8681672310007869,5435.67990753552,0.42137635866178147,0.458860064821503,0.4907248803656899,0.50186835115297,0.8681672310007869,2132.8682633442845,0.42137635866178147,0.48441841662614177,0.4873658178119039,0.49085054948124907,0.8681672310007869
4,62,79.60196042249873,0.10574304191044448,0.28742267896501333,0.46221689322180937,0.5485031300338439,0.9260095424168178,191.93186824716364,0.10574304191044448,0.2445009848818167,0.5103695528888237,0.5487185793423806,0.9260095424168178,112.18168662297865,0.10574304191044448,0.47862391687547884,0.531747117674236,0.5484908335184793,0.9260095424168178
4,63,2164.844163859555,0.017977451363751618,0.01928686532711981,0.06053559567016244,0.7634323587675045,0.8788085984207584,2542.2769828402475,0.017977451363751618,0.033735777599180825,0.06159559458120626,0.75034772043872,0.8788085984207584,1660.9352308694938,0.017977451363751618,0.01928686532711981,0.060377586671288674,0.796046035910804,0.8788085984207584
4,64,1.2718174602490167,0.06656998895125332,0.12264812664774588,0.15908571180471714,0.17760630460856486,0.24519758455152496,2.173472182457573,0.06656998895125332,0.10929482152234485,0.15910510623895657,0.1780045643603279,0.24519758455152496,2.2067632166861206,0.06656998895125332,0.13930016816236002,0.15903461740689123,0.17719365132367143,0.24519758455152496
4,65,59.68524278366765,0.14895631188009595,0.6352044948218657,0.7435700610190984,0.7478841945583852,0.7942341975082615,190.25802148915977,0.14895631188009595,0.6342818992727473,0.7352304246555724,0.7389907009841572,0.7942341975082615,84.29005413677564,0.14895631188009595,0.6351883331146329,0.7401741788883258,0.7539899811511255,0.7942341975082615
4,66,239.40869561676428,0.27465500116742836,0.274989661312011,0.2853429872218536,0.45215184279824217,0.4722871232768271,356.0420372595486,0.27465500116742836,0.2796055276777342,0.2850802398440691,0.43299207434886955,0.4722871232768271,239.40869561676428,0.27465500116742836,0.274989661312011,0.2853429872218536,0.45215184279824217,0.4722871232768271
4,67,3010.8689827290864,0.2842401814071407,0.331717996079924,0.41783789269780014,0.45262699897153696,0.7622383994292545,1052.640716302826,0.2842401814071407,0.34068716583185193,0.3572528361075017,0.48508868894253937,0.7622383994292545,518.268761946302,0.2842401814071407,0.2851722851228698,0.3140086246360599,0.5056513673951829,0.7622383994292545
4,68,598.040934466523,0.12742374843074,0.12850867160906734,0.16207276172913027,0.5016610854276732,0.9793843448471239,1127.6875585995645,0.12742374843074,0.16072053392046964,0.16981039410800963,0.4379836756886575,0.9793843448471239,560.5659401173565,0.12742374843074,0.12850867160906734,0.16207276172913027,0.4898258683115898,0.9793843448471239
4,69,0.7144246155399114,0.24894177270981022,0.3791572407553756,0.5082209044559043,0.6390441104997739,0.6945252021448693,3.0012554311701107,0.24894177270981022,0.3796820590107887,0.5055390113804621,0.634891735533193,0.6945252021448693,0.8122997600827736,0.24894177270981022,0.37087958599029214,0.5144563356191513,0.6366716611521046,0.6945252021448693
4,70,1.8232307288096108,0.2622523070102698,0.47082248810589666,0.5933119338229706,0.6437989880208563,0.6759610499650064,4.7617548953223805,0.2622523070102698,0.45130562280917624,0.5938554748012183,0.6460233153383885,0.6759610499650064,2.3431527259800626,0.2622523070102698,0.479278670253093,0.5909633656072617,0.6417197174016186,0.6759610499650064
4,71,75.83098538751267,0.07818230109653634,0.13456946028676023,0.18837217263574935,0.5671669214661222,0.824129604825966,90.6993762213949,0.07818230109653634,0.11229006369248921,0.29760653621080024,0.6173495747592779,0.824129604825966,41.06070670243711,0.07818230109653634,0.08999823217694125,0.3245399365170531,0.6208812008140023,0.824129604825966
4,72,367.3011130800367,0.0013225342556659747,0.06407565874484991,0.14778106674227737,0.1696028116428956,0.6534032480159256,1368.3442793871773,0.0013225342556659747,0.05936399108047228,0.15834170458951619,0.1849179235322007,0.6534032480159256,401.7295738086228,0.0013225342556659747,0.13172412248468998,0.13522894496492982,0.17246881947239934,0.6534032480159256
4,73,237.7194925766087,0.0932077972765708,0.41338833381996987,0.5045595403041048,0.589143748280901,0.6867999479590607,524.9919346582541,0.0932077972765708,0.4083491421966007,0.5049535108461106,0.5947146320322101,0.6867999479590607,367.2185521393539,0.0932077972765708,0.41795092835970793,0.5040447941796833,0.5331181992187248,0.6867999479590607
4,74,41.25290355949188,0.04447750065478184,0.49131528411952907,0.6175105632721065,0.664911830438845,0.6978869256696412,81.21659149678074,0.04447750065478184,0.49110549156688504,0.6401273322721924,0.6637607251493938,0.6978869256696412,41.53462860088347,0.04447750065478184,0.4923687147954411,0.6290966718457267,0.6417172771568503,0.6978869256696412
4,75,22958.836900619033,0.7135028950125847,0.7534114805350662,0.8032857436928432,0.853301825544187,0.9727154866535539,112550.94741969292,0.7135028950125847,0.7559675190236363,0.8042564832396255,0.858032929529312,0.9727154866535539,25539.238300404413,0.7135028950125847,0.7657164862181951,0.7992681159460411,0.8547402831174012,0.9727154866535539
4,76,202.53072313603684,0.25930509490615883,0.730172975211849,0.7448450233107886,0.8005763294371717,0.8227854123431951,469.14911688786526,0.25930509490615883,0.730172975211849,0.7437338098859506,0.7947210909158924,0.8227854123431951,161.8051854353844,0.25930509490615883,0.7360087523054109,0.7404920160942123,0.7462026954372287,0.8227854123431951
4,77,114.39922136822008,0.2141429223799276,0.27841341051365576,0.35448196949696587,0.395449595838005,0.6947930844864725,781.0091023442296,0.2141429223799276,0.2789597390618061,0.3608555199698406,0.4244572123798953,0.6947930844864725,124.8191702920034,0.2141429223799276,0.31766134835957527,0.3269002773580307,0.39992306939407074,0.6947930844864725
4,78,178.6527773065794,0.09909815715454473,0.3322547505702228,0.43453436209512514,0.45556864227742466,0.6807863684161899,932.572844327521,0.09909815715454473,0.3349847241264369,0.44041649859763404,0.4673337882178171,0.6807863684161899,229.35743756805883,0.09909815715454473,0.3423642760371445,0.4013553246966191,0.45463984240046784,0.6807863684161899
4,79,169516.73144464003,0.11746467977354058,0.7074809834128222,0.7736516243093557,0.8051452095527133,0.8513640788626323,380056.259178096,0.11746467977354058,0.7074809834128222,0.7736516243093557,0.7845488883850827,0.8513640788626323,144607.0198140481,0.11746467977354058,0.7624401158914019,0.7744380080077453,0.7758069779564708,0.8513640788626323
4,80,7.920756141170723,0.1255417840714944,0.31529489672956384,0.5395994580725343,0.6805945352628765,0.761124350609674,25.331546746322136,0.1255417840714944,0.31311955115290474,0.5112561490188304,0.6291815044565752,0.761124350609674,9.5781871568248,0.1255417840714944,0.3157275785990292,0.5566171023787575,0.7089081147448953,0.761124350609674
4,81,36.253179507751206,0.33022951895159214,0.39436463994679294,0.45487978302154464,0.5734766131779324,0.9910724318994123,76.13650274597349,0.33022951895159214,0.38291810596981946,0.4613081631865261,0.5832870800360832,0.9910724318994123,49.52290199713783,0.33022951895159214,0.43286383867923534,0.4444712314398598,0.5641076064739472,0.9910724318994123
4,82,739.8445574053983,0.0045183681826656,0.3738628629592405,0.3951102872403848,0.4081372196974114,0.9856966947199297,1561.5238727444446,0.0045183681826656,0.3738628629592405,0.3951102872403848,0.4081372196974114,0.9856966947199297,631.6767559531529,0.0045183681826656,0.3738628629592405,0.3951102872403848,0.4081372196974114,0.9856966947199297
4,83,192.01509106486827,0.07762541490077357,0.3738336087275365,0.6051750789867283,0.7726448773351497,0.8078581768389413,740.5367422822754,0.07762541490077357,0.23469550152138685,0.46518481100337833,0.7774597459141815,0.8078581768389413,558.0165820280284,0.07762541490077357,0.6436000372442352,0.7613276939389184,0.7669828785387955,0.8078581768389413
4,84,0.06414666337230683,0.4514273849197905,0.5351556490985601,0.6057410086705881,0.6732687468483028,0.7447506190695955,0.1268378352099357,0.4514273849197905,0.5341530706490639,0.6054925453984339,0.6740159735441278,0.7447506190695955,0.09683062052754095,0.4514273849197905,0.53611374993528,0.6059513609867171,0.6718577925421421,0.7447506190695955
4,85,183.36962832627873,0.049724162933653115,0.24105760501130824,0.7634112308902302,0.9003155065622971,0.9094541329855979,240.70143322127132,0.049724162933653115,0.23615565808520908,0.7540143099360068,0.8351529376981475,0.9094541329855979,112.90992865531422,0.049724162933653115,0.21540925019175827,0.7634112308902302,0.9003155065622971,0.9094541329855979
4,86,11.432786798429134,0.2917237943615174,0.3200244628008156,0.3835353621034306,0.4606943701594338,0.5612891391385356,24.30135590582673,0.2917237943615174,0.3200916152383527,0.3906823399932886,0.4804896371155112,0.5612891391385356,6.154519343839056,0.2917237943615174,0.3192512897978482,0.40101238629771635,0.49562131457231223,0.5612891391385356
4,87,869.9560395663558,0.049364733418657325,0.15772454678415732,0.39239458443751907,0.5942652997431598,0.6542830267724863,479.7736095914646,0.049364733418657325,0.1120416354916123,0.39825526051421484,0.5506968628579954,0.6542830267724863,123.37137996178363,0.049364733418657325,0.07118285002139674,0.3812204757737156,0.6344053420367722,0.6542830267724863
4,88,2414225631.624741,0.01383608238548173,0.2558961484529246,0.28679471963982406,0.3224278946439041,0.5093840685734885,5308922861.943928,0.01383608238548173,0.255644256806948,0.2904343155752775,0.3325892648524861,0.5093840685734885,2418426739.9198246,0.01383608238548173,0.30592014135910456,0.3473121538129281,0.3536123383511906,0.5093840685734885
4,89,169.7576316263906,0.19505375225967103,0.2639693933608882,0.3701043732127359,0.3976925067715316,0.8889595914459145,1849.3219395042822,0.19505375225967103,0.27902063237163754,0.38862025828113833,0.43155892977430743,0.8889595914459145,188.43797627011662,0.19505375225967103,0.3368888581724264,0.34025856193084375,0.39186838451097056,0.8889595914459145
4,90,35.59220799736928,0.0781392888659066,0.43605601340917527,0.6645881708490828,0.6899688203263701,0.7710019471158831,73.01552964595562,0.0781392888659066,0.35844682387783605,0.6658105249935509,0.6868326917937495,0.7710019471158831,56.77099526899913,0.0781392888659066,0.5066225484137472,0.6581635805738786,0.6929081314425181,0.7710019471158831
4,91,1612.6497984467449,0.16617303264348515,0.6021677391486261,0.6067935605098933,0.662589594663794,0.9782732765676916,3936.43130876128,0.16617303264348515,0.6026097461367542,0.6062348203726703,0.6682675498517244,0.9782732765676916,1740.5888410180623,0.16617303264348515,0.6092078693811063,0.6204670738721915,0.6267002475498236,0.9782732765676916
4,92,284.73238707186687,0.030802283327187707,0.4582693170970811,0.49841851114909286,0.5044223794386755,0.516399139554647,1902.3204260774683,0.030802283327187707,0.4148270158568597,0.45635172844399174,0.504798462890219,0.516399139554647,396.9269315602986,0.030802283327187707,0.4473660994636971,0.5003978605191743,0.5074567504964318,0.516399139554647
4,93,7.301049092662783,0.25000184408706505,0.4646176010992222,0.5869205200476044,0.6236546862673998,0.6541501924773943,32.07953235813662,0.25000184408706505,0.4420149489621899,0.5987823836357362,0.6168967478756273,0.6541501924773943,12.995903977896859,0.25000184408706505,0.489860784025926,0.5901001680113721,0.621327477132247,0.6541501924773943
4,94,870.3972886318782,0.04467053735771287,0.18945845981932782,0.4279967172754864,0.6051602820667191,0.9502617045815747,5622.107334398168,0.04467053735771287,0.18070633980060877,0.3950349404295186,0.6210459353677238,0.9502617045815747,1115.4441059329931,0.04467053735771287,0.5086116436228698,0.5841689460812975,0.5863617687512488,0.9502617045815747
4,95,111.94090245603094,0.108298784163536,0.6023164465653337,0.6178863579882803,0.7204136814187555,0.8588930373290846,362.7067007162313,0.108298784163536,0.6006743252551048,0.6135661441254034,0.7547092754766318,0.8588930373290846,215.20953790703058,0.108298784163536,0.5978576459090039,0.6221365814482989,0.627463193772515,0.8588930373290846
4,96,14.460070366344713,0.656436295166813,0.6565136747699749,0.6589075548398838,0.7700616983525721,0.8614208046045124,21.93285905701997,0.656436295166813,0.657900411101034,0.6596875191753293,0.7630816449430138,0.8614208046045124,13.509494888122221,0.656436295166813,0.6565136747699749,0.6589075548398838,0.7739722551822056,0.8614208046045124
4,97,13054.028115737923,0.02135109729729734,0.02568166720375011,0.15965579690711446,0.7731904873265044,0.8204654915853852,21214.18386074001,0.02135109729729734,0.15307733815481495,0.2789609556976822,0.7670247110558748,0.8204654915853852,13054.028115737923,0.02135109729729734,0.02568166720375011,0.15965579690711446,0.7731904873265044,0.8204654915853852
4,98,4053.0068390658043,0.10310571353111453,0.136520553120968,0.15717827183577054,0.18920746556571294,0.8144758627220974,22409.50829289336,0.10310571353111453,0.136520553120968,0.15911863310369842,0.29004249851919617,0.8144758627220974,4511.645587382278,0.10310571353111453,0.15425429084798764,0.15606170483073026,0.17516674808542237,0.8144758627220974
4,99,184.0074814741888,0.29794312374060705,0.4910412489499697,0.8139966730538263,0.9667535238651966,0.9716256349189394,213.75637374837083,0.29794312374060705,0.5307523938045344,0.7995398609379882,0.9585438907690288,0.9716256349189394,162.52122009105403,0.29794312374060705,0.4639829810692297,0.8209385277275554,0.9667535238651966,0.9716256349189394
4,100,18.46001779581587,0.5744431269021201,0.7854656050077673,0.8191607661474565,0.9131620155804003,0.9472829243018832,24.95613624960566,0.5744431269021201,0.7848364047608176,0.8625001421223081,0.8922184988123814,0.9472829243018832,16.357371751736874,0.5744431269021201,0.7849738685253521,0.8077234387988848,0.8277452725766814,0.9472829243018832
4,101,5258.687094453605,0.24880591703103871,0.31248974057842893,0.45864067968020805,0.5044024083086045,0.9985466075118101,2859.374958266603,0.24880591703103871,0.3372937630945994,0.3587206516567799,0.5240218339010368,0.9985466075118101,1082.9300047087493,0.24880591703103871,0.24998489953933337,0.2864588876970839,0.5345339814494191,0.9985466075118101
4,102,5794.370533261989,0.3518651082223,0.35764077242214687,0.5400647513627255,0.8286262815784675,0.84587001383508,12813.489272328801,0.3518651082223,0.3969003718589268,0.5393175169602671,0.7780798504044081,0.84587001383508,5794.370533261989,0.3518651082223,0.35764077242214687,0.5400647513627255,0.8286262815784675,0.84587001383508
4,103,183.61840694961396,0.2566087578359346,0.5428049178591964,0.5670435284826036,0.5916877730797069,0.7962406478464629,2908.331552998841,0.2566087578359346,0.5126408882165253,0.549073550079024,0.5923445906125091,0.7962406478464629,195.1500050088433,0.2566087578359346,0.5456557020719984,0.5988779289832189,0.6167734141556863,0.7962406478464629
4,104,144.27182515743155,0.29421090352753065,0.3323039619300434,0.437870552782387,0.5237714560023237,0.8712571625485086,823.6696989000427,0.29421090352753065,0.35223391958968403,0.4909324185095456,0.5269939034839708,0.8712571625485086,158.58646719043136,0.29421090352753065,0.4829941613103533,0.5187740776267229,0.5201892528997306,0.8712571625485086
4,105,41.797409867374526,0.09384688164634813,0.21449242054962098,0.3449742597793211,0.5804140623251001,0.9194595768301081,461.320613998728,0.09384688164634813,0.23665564536190076,0.371061976358797,0.5779225682658038,0.9194595768301081,48.946345126362424,0.09384688164634813,0.2139260782343974,0.3596603781004588,0.5788911035354047,0.9194595768301081
4,106,59.448235036027114,0.022698382550542906,0.35239417464904943,0.5656434876947918,0.717905039538738,0.803237163230779,124.60210024144912,0.022698382550542906,0.35159409286036103,0.5545679587627945,0.6685100205601331,0.803237163230779,60.100100897924726,0.022698382550542906,0.3527470585963944,0.5593822399814267,0.6928101878210762,0.803237163230779
4,107,35109111.839795455,0.009774863163643732,0.045729277283358606,0.07586196789029885,0.28517286600410435,0.9817819768753037,77098222.68097188,0.009774863163643732,0.045729277283358606,0.07586196789029885,0.28517286600410435,0.9817819768753037,33520966.06977975,0.009774863163643732,0.05406599785480795,0.054697019007616435,0.08204916235597129,0.9817819768753037
4,108,166225.8794406261,0.3065531045818892,0.5367345743794244,0.7924483124084696,0.8265334804659991,0.8288087316655988,166389.4749286861,0.3065531045818892,0.5338376223972278,0.8001215743452366,0.8101117855245369,0.8288087316655988,166225.8794406261,0.3065531045818892,0.5367345743794244,0.7924483124084696,0.8265334804659991,0.8288087316655988
4,109,40.615528704243,0.18548536266629478,0.24187970830081978,0.29951723397277324,0.47900517928711484,0.7405931442945634,57.72737053038793,0.18548536266629478,0.24383913777554161,0.3012077398338546,0.5315717090039853,0.7405931442945634,77.69023994825183,0.18548536266629478,0.2520202854377642,0.29319625416814377,0.41929372255466596,0.7405931442945634
4,110,33161.2640002142,0.44340529743112567,0.5525778894747098,0.6044813206545181,0.63347299676386,0.9005936059457748,124947.34752318614,0.44340529743112567,0.5364971590797465,0.6027356732949073,0.6203462816801035,0.9005936059457748,44172.260124706525,0.44340529743112567,0.5790102567853336,0.5799285684311646,0.6086094224961589,0.9005936059457748
4,111,3330930.00056323,0.16881154712241875,0.25436679992687516,0.5184253081806021,0.6602548817757273,0.9923646469239713,11173505.343754198,0.16881154712241875,0.25455411262720984,0.518886841007518,0.6603165342024424,0.9923646469239713,3566817.006281301,0.16881154712241875,0.5490205313024616,0.6515212836403164,0.6622746576898494,0.9923646469239713
4,112,880169363.0722343,0.2327680603553024,0.2331143292758357,0.2438267939799949,0.3166884443848122,0.938314875394292,1658771756.5082126,0.2327680603553024,0.2730604380720878,0.37603359700256483,0.41626416961360063,0.938314875394292,875839073.3781372,0.2327680603553024,0.2331143292758357,0.2438267939799949,0.3166884443848122,0.938314875394292
4,113,122873520.94594207,0.22271706037253514,0.30005522126668893,0.3921386239325392,0.5001615371454095,0.8965044076587136,269445980.8763675,0.22271706037253514,0.34051291359465874,0.3922424256687126,0.5001615371454095,0.8965044076587136,114286943.72009869,0.22271706037253514,0.3795622497151519,0.39232106006984596,0.3981971689631576,0.8965044076587136
4,114,6.925517451489133,0.1850473790337127,0.24365875599733455,0.338407892026932,0.4790778006231331,0.6676456269005245,17.63281712680672,0.1850473790337127,0.2477435169229873,0.3416665180815676,0.5058724496061071,0.6676456269005245,7.496894904962092,0.1850473790337127,0.24418628564228,0.3381797183627276,0.4762565433853707,0.6676456269005245
4,115,52.80729272503756,0.05279052791614858,0.6085000751267345,0.6967903341321728,0.8084310213619506,0.8274491364623446,102.80008713268305,0.05279052791614858,0.579753661583398,0.6967903341321728,0.8084310213619506,0.8274491364623446,17.456293417612834,0.05279052791614858,0.5450626038878233,0.7642901086741772,0.821432475218066,0.8274491364623446
4,116,94.29235543509925,0.21540753264649048,0.3399491140562738,0.39793756975157046,0.47750940432768096,0.664570191195091,403.04590885937796,0.21540753264649048,0.297888602287006,0.3984622872419615,0.5281077120346743,0.664570191195091,169.78880012142423,0.21540753264649048,0.3664866249303116,0.3975529947930947,0.44983729821972585,0.664570191195091
4,117,755.3560660776883,0.31914052754060496,0.6325533134215512,0.650595926343756,0.6849141880247982,0.7476465566487642,2044.299540236449,0.31914052754060496,0.6436819063345592,0.6501343871095806,0.6856519181891328,0.7476465566487642,841.5273553988831,0.31914052754060496,0.6454259424690771,0.6568673103682562,0.6576417571763029,0.7476465566487642
4,118,725080.3086219889,0.27860557375308204,0.3010087072412889,0.32564666619254345,0.33749218360981453,0.812765774680492,1626976.6905101552,0.27860557375308204,0.3019985404396085,0.32578314917462203,0.3373023306134402,0.812765774680492,717406.4141446954,0.27860557375308204,0.2902976526437294,0.29265058316960424,0.3115236406979589,0.812765774680492
4,119,5725.531020743415,0.17450965220742032,0.17475851521882235,0.18245754931552716,0.23482312029295827,0.5672123977548608,3439.503421942092,0.17450965220742032,0.19234830853743975,0.19759123398298176,0.23225917281608618,0.5672123977548608,2689.30345323494,0.17450965220742032,0.17475851521882235,0.18245754931552716,0.23482312029295827,0.5672123977548608
4,120,244.22641960318228,0.27448243750476475,0.39306093360686967,0.5796596460909706,0.8882644255502125,0.9587757328566517,125.80574364402341,0.27448243750476475,0.4508255584067379,0.6258134501868144,0.885024262413081,0.9587757328566517,54.41019683394843,0.27448243750476475,0.4287165159589873,0.5931168126383167,0.8830678446219199,0.9587757328566517
4,121,69.32586582257508,0.19203546596990595,0.5829935027977784,0.692786821563409,0.8314492039030412,0.9161797257302735,230.362714830704,0.19203546596990595,0.5764325383399349,0.7083210101741492,0.7996401929054696,0.9161797257302735,96.03077253438593,0.19203546596990595,0.603448064125061,0.6236536781124511,0.6486970815958477,0.9161797257302735
4,122,164.16023554945184,0.2962427229765051,0.5023897877639337,0.9126731570457607,0.923107156651904,0.9238036464001848,193.61686314786354,0.2962427229765051,0.497652390426215,0.913142616997505,0.9159917213881805,0.9238036464001848,143.7318756115939,0.2962427229765051,0.5061876346952784,0.9126731570457607,0.923107156651904,0.9238036464001848
4,123,1546.8887766086464,0.7746912591832548,0.8194918175828896,0.8323836530980304,0.841310690868721,0.9522767462374677,4910.754703224879,0.7746912591832548,0.8191586761962913,0.8282483981998556,0.834329486368755,0.9522767462374677,1831.1802033440968,0.7746912591832548,0.8200022144656174,0.8203789391386522,0.8329137997291882,0.9522767462374677
4,124,66954592.10220103,0.03516539073487157,0.4594766231386594,0.5562489218114034,0.5785905358270585,0.5800818819751636,66026987.730033815,0.03516539073487157,0.45725760657735476,0.47872049431521185,0.5451752525788283,0.5800818819751636,66954592.10220103,0.03516539073487157,0.4594766231386594,0.5562489218114034,0.5785905358270585,0.5800818819751636
4,125,28393.033106362607,0.3798983452621232,0.8692341061244543,0.9244070998717839,0.9371447711609561,0.9379950354704023,36592.99826149917,0.3798983452621232,0.8768126147471068,0.912292116483484,0.9194885815344398,0.9379950354704023,27687.955776103267,0.3798983452621232,0.8692341061244543,0.9244070998717839,0.9371447711609561,0.9379950354704023
4,126,16316.984264813345,0.08246059976784237,0.5785261367609872,0.7063183962325414,0.7358215223797975,0.7377909133784039,21841.200054047567,0.08246059976784237,0.5941188681295463,0.677919681125761,0.6835783364911839,0.7377909133784039,16166.927214622408,0.08246059976784237,0.5785261367609872,0.7063183962325414,0.7358215223797975,0.7377909133784039
4,127,544.6725535482763,0.48253813177679306,0.48288136363089573,0.5010842290136702,0.6724444389670321,0.7462677238196291,638.6835620829658,0.48253813177679306,0.48558292605984954,0.5035029584994131,0.666730909388757,0.7462677238196291,481.39815702424704,0.48253813177679306,0.48288136363089573,0.5001054499356429,0.6776565492821816,0.7462677238196291
4,128,1688.3396723920878,0.3693552303465185,0.3730276915217836,0.37571618258629136,0.38588815112642605,0.8462098191060601,18104.712371662383,0.3693552303465185,0.3730276915217836,0.37680299341558626,0.5190190626355373,0.8462098191060601,2238.929755072236,0.3693552303465185,0.3753788299955586,0.3756509368844465,0.39165645952966677,0.8462098191060601
4,129,123605.5609428058,0.08476952736966448,0.47725801991587735,0.5006053326773667,0.5494466065040728,0.9156078392945723,346851.03279050783,0.08476952736966448,0.5184680154736242,0.5369744879087219,0.5546275269019444,0.9156078392945723,118999.61482099199,0.08476952736966448,0.48030835288611246,0.5460509791969055,0.5883729432424842,0.9156078392945723
4,130,6870.960808294427,0.008073925192116138,0.008980291918291621,0.03702041041413011,0.22773742723288418,0.9870981632429291,118477.56810901083,0.008073925192116138,0.1362396024778282,0.14947729135082077,0.29146779546839474,0.9870981632429291,6828.273747932174,0.008073925192116138,0.008980291918291621,0.03702041041413011,0.22773742723288418,0.9870981632429291
4,131,7.639223440043189,0.30319550733997236,0.3970433568026909,0.41325392774705416,0.49583793870740644,0.6824008126585771,11.39285021886016,0.30319550733997236,0.3963207230646578,0.41453405854629743,0.5081729996246691,0.6824008126585771,9.469819036161242,0.30319550733997236,0.39892349683738665,0.41489843645750957,0.4698232378485151,0.6824008126585771
4,132,41.00229713752253,0.14390637035882548,0.25189017762348215,0.35385141335373826,0.5882741547966017,0.8976623397169018,104.39249252089596,0.14390637035882548,0.24914677639975397,0.4226677493168919,0.7163345256562231,0.8976623397169018,85.68535213528824,0.14390637035882548,0.26326786359666987,0.2744371961251887,0.40878010811004495,0.8976623397169018
4,133,13.518010181569906,0.3764662411477231,0.37683086151201045,0.388111061816532,0.4665180954344454,0.5894684739604986,89.76446123541344,0.3764662411477231,0.39655923864326653,0.4028066043281453,0.4675165665233947,0.5894684739604986,13.155230095477279,0.3764662411477231,0.37683086151201045,0.388111061816532,0.4663506053492711,0.5894684739604986
4,134,151274.44654260765,0.22548303269253755,0.25998079662461787,0.3257879724848427,0.3929265709267801,0.7088495837042297,397704.29691949405,0.22548303269253755,0.25918523871647436,0.2906256154919815,0.32028178204918356,0.7088495837042297,163685.43451385738,0.22548303269253755,0.2614943371095987,0.2626040825416788,0.30340637939652576,0.7088495837042297
4,135,6610.907291203257,0.5526163463246734,0.5861682427826436,0.6289236998007338,0.6785442065644848,0.8933647713701632,14523.194818448857,0.5526163463246734,0.5861682427826436,0.6289236998007338,0.6785442065644848,0.8933647713701632,2390.3647025671353,0.5526163463246734,0.6229517121911008,0.6291302947699973,0.6327617723787129,0.8933647713701632
4,136,192.33431451806905,0.13240692987343217,0.5899475325079261,0.7425522588479309,0.7637820726679445,0.7651992039926232,203.01441906370022,0.13240692987343217,0.5901802193432981,0.7407264810755583,0.7459601861891493,0.7651992039926232,201.97576357711765,0.13240692987343217,0.5902037147414788,0.7425522588479309,0.7637820726679445,0.7651992039926232
4,137,2.3832582750906077,0.018644927213368745,0.19305164959930352,0.40075033298364393,0.6311858943794706,0.8090070312245047,4.310359710861935,0.018644927213368745,0.2032204160410772,0.39888201820963365,0.6298481315635371,0.8090070312245047,3.9799247129890207,0.018644927213368745,0.17977765812128207,0.40387642250926126,0.6329499652520783,0.8090070312245047
4,138,140527.9509090134,0.489292652172844,0.49598127318452223,0.7095377456644396,0.9159000470049856,0.929675131607319,235813.33646039315,0.489292652172844,0.5216009238758972,0.6915347998227492,0.8614097297226526,0.929675131607319,140527.9509090134,0.489292652172844,0.49598127318452223,0.7095377456644396,0.9159000470049856,0.929675131607319
4,139,93809.81566565235,0.6717724436294132,0.6740381028443849,0.7811236769293299,0.980385502344609,0.9874224383018806,80503.21287800968,0.6717724436294132,0.6844758887915378,0.7826560566872239,0.9680174687981479,0.9874224383018806,93809.81566565235,0.6717724436294132,0.6740381028443849,0.7811236769293299,0.980385502344609,0.9874224383018806
4,140,0.367303967637442,0.5956957735191032,0.6622663950049582,0.7247409999800388,0.7721806223894754,0.7988739811887445,0.9134809194611596,0.5956957735191032,0.6625354561870866,0.7247742002286737,0.7681968999113733,0.7988739811887445,0.47132760694047166,0.5956957735191032,0.6613702457404677,0.7244181959144261,0.7738994868081336,0.7988739811887445
4,141,307.35751553606434,0.6148018467681025,0.7216970471710114,0.7437083340470019,0.7561659174927439,0.9796457172651022,4624.27802434863,0.6148018467681025,0.7224123291485802,0.7567034432049233,0.7775442405796121,0.9796457172651022,658.6488442787418,0.6148018467681025,0.7175891490661999,0.7187901369979057,0.7511824698485144,0.9796457172651022
4,142,93467.6903099235,0.17812549179385828,0.3849638707848963,0.5577941114282163,0.5870665887429668,0.9693325728810572,235731.5181442824,0.17812549179385828,0.3783064582032722,0.5571000668314185,0.5767519344047521,0.9693325728810572,95026.17574473833,0.17812549179385828,0.5340271785981153,0.55946004461096,0.5627082516234088,0.9693325728810572
4,143,206.19659546267758,0.10901036569108125,0.2016128705853012,0.2909649260849567,0.5585403157031879,0.9528439748624248,86.94440630781826,0.10901036569108125,0.18949233169557336,0.25736458835193765,0.5700156165367328,0.9528439748624248,36.276311963559984,0.10901036569108125,0.15740064519132652,0.2501328308230151,0.5628969250343197,0.9528439748624248
4,144,7.560643961055595,0.07889864658635204,0.2912029505693223,0.4209199455602378,0.5649330404453122,0.7347785937567081,15.1345355566389,0.07889864658635204,0.2911626368987092,0.4185787333970261,0.5698847554140402,0.7347785937567081,10.60862811930714,0.07889864658635204,0.290999473407321,0.4269008404832375,0.5527710974033003,0.7347785937567081
4,145,58.836795305358535,0.06590037716209474,0.6438903636428746,0.6945229866065127,0.7871628339085387,0.9586576190408439,143.64044340805935,0.06590037716209474,0.6428264686899978,0.6901595643209542,0.8208182311197547,0.9586576190408439,110.45643089139308,0.06590037716209474,0.6509651027851591,0.7008636922986791,0.7167908487525018,0.9586576190408439
4,146,363181.3531899075,0.32103791968725925,0.5883694836064551,0.6650617261792098,0.763862339237835,0.7922844791937493,864693.7028585515,0.32103791968725925,0.5883694836064551,0.6650617261792098,0.763862339237835,0.7922844791937493,301934.71841153986,0.32103791968725925,0.5806447499282139,0.5843431416555271,0.6224033985821761,0.7922844791937493
4,147,28.980291888436465,0.015955299418886848,0.1368310370798099,0.3138000117108066,0.4902837231978458,0.8711621619966855,192.6124059862935,0.015955299418886848,0.17356277969501557,0.3107656694161364,0.5018402879532028,0.8711621619966855,41.01209946757371,0.015955299418886848,0.32353077357469684,0.37761462668112233,0.46467053180087975,0.8711621619966855
4,148,497650544.10897315,0.2260538861953183,0.39397346331091326,0.4120106026870476,0.7123972958248408,0.9166804983830421,1086681016.1414537,0.2260538861953183,0.39354010314715093,0.4322763998075898,0.6866237633794028,0.9166804983830421,494689646.7340083,0.2260538861953183,0.40544336241256884,0.406638679600689,0.43317995663704584,0.9166804983830421
4,149,548.9631460537619,0.012842091531580446,0.43964593636107563,0.5025542594316357,0.7229630591774084,0.9525354876049549,1176.7951197223713,0.012842091531580446,0.43964593636107563,0.5118156437198034,0.8061399680754944,0.9525354876049549,255.91915115536943,0.012842091531580446,0.47696921761640365,0.48297535612095255,0.5195279379086415,0.9525354876049549
4,150,38.941034282735686,0.020144458053337866,0.2751846790778833,0.40385048854623495,0.4656478860861539,0.7880882362125697,65.37206043598046,0.020144458053337866,0.2585562893600247,0.4078128950178882,0.465831234838777,0.7880882362125697,59.1484026780307,0.020144458053337866,0.31684908340839557,0.3876323478004204,0.4666576118587119,0.7880882362125697
4,151,5.922537527465554,0.19634664749625608,0.23247390215039643,0.32153522773725973,0.43578454262530536,0.5383622226783947,12.304462947895443,0.19634664749625608,0.2388439356734818,0.3219579504515161,0.4336589627155073,0.5383622226783947,7.128478352016518,0.19634664749625608,0.23043594386747876,0.32308897588950614,0.4394813326059573,0.5383622226783947
4,152,6431.425127135967,0.11758296032240778,0.11846444293125881,0.14573472557777584,0.6959242068215165,0.9734339973306878,5809.791552907932,0.11758296032240778,0.15078882666481935,0.16164773421753137,0.6910736281899426,0.9734339973306878,6431.425127135967,0.11758296032240778,0.11846444293125881,0.14573472557777584,0.6959242068215165,0.9734339973306878
4,153,6948.320780487963,0.42160015087269265,0.7494712998031392,0.937696316949354,0.9811463242480629,0.9840466966640693,3914.119048071328,0.42160015087269265,0.7496544737046911,0.9141259084540813,0.9262308675278941,0.9840466966640693,1932.7801927427,0.42160015087269265,0.7494827470350885,0.937696316949354,0.9811463242480629,0.9840466966640693
4,154,721.7005594632915,0.11574457719616349,0.4429301924412767,0.6376740371587877,0.790154874515945,0.9345271349903624,1330.7793330797087,0.11574457719616349,0.44026741301835,0.555487829371714,0.8362984686776357,0.9345271349903624,924.4125605757679,0.11574457719616349,0.44019970794201485,0.44275671032067965,0.5091811377553321,0.9345271349903624
4,155,297.6526058285345,0.13044873069533547,0.2580654211509805,0.5984256954338811,0.8674073257759028,0.9586179562978433,585.0975355498119,0.13044873069533547,0.2616457023673743,0.596259770349998,0.868698837141675,0.9586179562978433,278.6109797009738,0.13044873069533547,0.26968844031193573,0.5850374234416595,0.8758071746805003,0.9586179562978433
4,156,6291.576053994341,0.03226744264157011,0.037580435842034465,0.2019476335846413,0.9190815239155596,0.9240827042429591,7214.178066651696,0.03226744264157011,0.10454699247756818,0.2157883875648203,0.9085391648947045,0.9240827042429591,6291.576053994341,0.03226744264157011,0.037580435842034465,0.2019476335846413,0.9190815239155596,0.9240827042429591
4,157,30.107775399321138,0.024546346279005316,0.026133622572829324,0.05638452461890872,0.153347596365049,0.5371204260353405,249.88040798391486,0.024546346279005316,0.029454694550773236,0.07709388287816152,0.19112686443813967,0.5371204260353405,31.351577327997912,0.024546346279005316,0.03437912774884274,0.042536920971074144,0.1649067978919828,0.5371204260353405
4,158,4.414364904543282,0.7187278227514691,0.7320548909673726,0.7459242390998717,0.7978146071947355,0.92925426437704,83.88908349970426,0.7187278227514691,0.7279388866141406,0.7831479565063455,0.8321203009176243,0.92925426437704,4.527102261223689,0.7187278227514691,0.7285418429697604,0.7453988839676592,0.8015520047638556,0.92925426437704
4,159,66522.68103537142,0.2335451592277189,0.23370390575183128,0.23861502088697858,0.8409086808906724,0.9811857613816435,79271.58774068579,0.2335451592277189,0.23894505767588423,0.2503933003168,0.7963269853491933,0.9811857613816435,66522.68103537142,0.2335451592277189,0.23370390575183128,0.23861502088697858,0.8409086808906724,0.9811857613816435
4,160,327473.3702351276,0.15201888921271123,0.15245152066357687,0.1658357687796646,0.5095526071016947,0.5526940985464474,298587.1917413743,0.15201888921271123,0.1654175740320573,0.1718811785714049,0.5143636966043262,0.5526940985464474,327473.3702351276,0.15201888921271123,0.15245152066357687,0.1658357687796646,0.5095526071016947,0.5526940985464474
4,161,47.99047426436997,0.28047517355838825,0.31533162850337504,0.3878945284022738,0.43903200221761696,0.8680594296922969,151.8645728919674,0.28047517355838825,0.33124504044954317,0.38599782049541664,0.44580464274606585,0.8680594296922969,54.52634989990154,0.28047517355838825,0.3845502310672733,0.39237712254457535,0.44662538492235326,0.8680594296922969
4,162,0.96914410155635,0.06859214391758794,0.06869451084240502,0.09614993702047996,0.1646355371126328,0.2530341134327486,1.3505190393766595,0.06859214391758794,0.06898091815671825,0.0966479357659567,0.1688706905751315,0.2530341134327486,0.8685868866338462,0.06859214391758794,0.06869451084240502,0.09530751314242515,0.16700533658146566,0.2530341134327486
4,163,228.8318467635686,0.060028284802726706,0.19836559023334904,0.3951834779743413,0.4228009228667359,0.9060644258822016,2715.9825176107297,0.060028284802726706,0.20098930131146125,0.4005137055976557,0.44621474201242506,0.9060644258822016,390.65792173239345,0.060028284802726706,0.3665665321056923,0.3823334562589642,0.40181369406526113,0.9060644258822016
4,164,36562.04532443174,0.32666647244156777,0.47328757694971824,0.4770215126630691,0.48516922931471307,0.6105269848362064,83134.16201654606,0.32666647244156777,0.4735026832161788,0.478151493619396,0.4857979007374932,0.6105269848362064,36989.36642826717,0.32666647244156777,0.48155935372028036,0.48767248554467724,0.4881501032333478,0.6105269848362064
4,165,50.59505070640731,0.38859488106964757,0.388703561536612,0.39313044209636583,0.5557635188962131,0.9595140329203817,92.75654824778668,0.38859488106964757,0.388703561536612,0.3928352310640784,0.5779071207864772,0.9595140329203817,64.18457911449813,0.38859488106964757,0.38871676634396163,0.39676663655293487,0.5306059289217335,0.9595140329203817
4,166,8817.401043708101,0.04509926165321254,0.3122723322203518,0.9805189503714424,0.9821639021709122,0.9822737058998747,5767.989714560696,0.04509926165321254,0.20581539165230792,0.9803636821755719,0.9813564061240296,0.9822737058998747,3301.0415690930276,0.04509926165321254,0.10752974210038269,0.9805189503714424,0.9821639021709122,0.9822737058998747
4,167,3130.601030377995,0.1735358286948463,0.17723285099175462,0.18224235615304002,0.18928406979707552,0.9107039280238027,7258.628708453624,0.1735358286948463,0.17723285099175462,0.18224235615304002,0.18928406979707552,0.9107039280238027,2660.9819070795106,0.1735358286948463,0.1772148813103452,0.17744128527675163,0.18254036800071688,0.9107039280238027
4,168,95.65844271854463,0.14256346780648765,0.19332604619321114,0.3155309558391036,0.47997436444082753,0.671948828665158,24.61281879351679,0.14256346780648765,0.1812704220602471,0.3147115219660017,0.49642799090172884,0.671948828665158,12.120625947907108,0.14256346780648765,0.1804077131068644,0.3187659711128348,0.5026932720148971,0.671948828665158
4,169,699.1035157881655,0.19875154012201401,0.3970648180948652,0.4257339029554489,0.5141008161389249,0.551854206054699,2554.2948075641007,0.19875154012201401,0.39452115133527266,0.43142350865537205,0.5206917901743765,0.551854206054699,760.8736642115006,0.19875154012201401,0.39449585944044,0.39532079049645513,0.4165308681684191,0.551854206054699
4,170,129.55701328222196,0.12355026442775363,0.15109396739512373,0.19039348603816963,0.2424071112193691,0.9711988088630842,685.6545837057038,0.12355026442775363,0.15109396739512373,0.19039348603816963,0.29686759877037394,0.9711988088630842,156.7824340840839,0.12355026442775363,0.18481879007534313,0.190945528130239,0.25189275475967426,0.9711988088630842
4,171,220.61390111037795,0.06444945067728669,0.23090773389432226,0.37587483830362184,0.39115531782475155,0.8524271666382655,2657.636644209917,0.06444945067728669,0.23033910473947464,0.39222992503385745,0.4240727196212565,0.8524271666382655,377.993104643785,0.06444945067728669,0.33858854220621126,0.3435596144318852,0.3779501741490063,0.8524271666382655
4,172,1.616896778340789,0.5861713727948309,0.638348704894082,0.7068313805296507,0.7736058812251365,0.9028921621036706,45.244940076180384,0.5861713727948309,0.6435632638621,0.7071761394785637,0.7856193748490756,0.9028921621036706,1.6145175435382197,0.5861713727948309,0.656355646062579,0.7018077278965081,0.7686218295068087,0.9028921621036706
4,173,329.44374906604446,0.42468978231788534,0.47892150110099196,0.7667337948475078,0.9039452705868211,0.9830300173006349,201.34349248999288,0.42468978231788534,0.48782773910382876,0.6976096190355189,0.8388841641508958,0.9830300173006349,52.38514459696153,0.42468978231788534,0.49346884984791595,0.8095016464519542,0.9673882006239651,0.9830300173006349
4,174,12.317859430553828,0.13271045142530014,0.554328019983588,0.764243840790551,0.871158888531768,0.9314082839610738,196.39729861687147,0.13271045142530014,0.4898469401270694,0.6228793117558136,0.8396676082550902,0.9314082839610738,11.928903610152869,0.13271045142530014,0.5456734522963671,0.7721480731321064,0.8785783412483861,0.9314082839610738
4,175,2267370968305.2573,0.21732799874192565,0.3021196273410065,0.3378135617005668,0.3943196680854659,0.5266983866097784,4973677017233.12,0.21732799874192565,0.3087634595088886,0.33524876246902785,0.3607245874330509,0.5266983866097784,2266170560663.563,0.21732799874192565,0.30072911646674555,0.30200847914062506,0.32004182102461587,0.5266983866097784
4,176,26.500583609994294,0.09030196275636326,0.15270376173998687,0.3186765312853724,0.5760383300416005,0.8899937881072126,288.4533990281999,0.09030196275636326,0.16017390813009794,0.3991090170373443,0.6041561950816721,0.8899937881072126,27.48701768516407,0.09030196275636326,0.15368254945600174,0.3215744468279451,0.5737530585018101,0.8899937881072126
4,177,1812.8127267359448,0.0850554417404703,0.14758886270311017,0.16550289487182407,0.31248549474812765,0.9828021236815898,104974.03791209462,0.0850554417404703,0.12947847479489058,0.3675852461094041,0.688903779004119,0.9828021236815898,3036.6666314965523,0.0850554417404703,0.1250564284237296,0.26208133275258616,0.44371963011135557,0.9828021236815898
4,178,12.758396710990105,0.04699007872110872,0.3251490758468786,0.44381099563670673,0.5346793534446302,0.6134701918691674,33.74600671260363,0.04699007872110872,0.30926171375321065,0.4486298011128446,0.5267610360562623,0.6134701918691674,20.214521539857916,0.04699007872110872,0.32974708102807415,0.4394728813491289,0.49457730864318816,0.6134701918691674
4,179,7511489.548950185,0.5392012004384917,0.9210700097257248,0.9448276834181847,0.9848673362910194,0.9974543041737536,17665578.508433387,0.5392012004384917,0.9210700097257248,0.9448276834181847,0.9848673362910194,0.9974543041737536,6380385.988678457,0.5392012004384917,0.9204167854598261,0.9212031860724246,0.9333547046704482,0.9974543041737536
4,180,523.6182640509924,0.10727602786859025,0.5366211658315287,0.5409245501011976,0.5788475941928329,0.9723155606875519,1342.8032344876776,0.10727602786859025,0.5378544084088999,0.5411803817081806,0.5784638626028528,0.9723155606875519,541.6452013457334,0.10727602786859025,0.5389231838857017,0.5537077151941946,0.5646704823545721,0.9723155606875519
4,181,380.55610524972786,0.06762149071781498,0.18757889095465763,0.3502171092116485,0.6288393546014556,0.882399329762052,399.91721173641037,0.06762149071781498,0.2174399525692291,0.3290356027923831,0.6024684664092507,0.882399329762052,272.54955834953233,0.06762149071781498,0.13183988616714415,0.24539093430245557,0.7072257592813007,0.882399329762052
4,182,75.24918416116877,0.3580514918281792,0.363741626685883,0.37518624571719605,0.3794879206824521,0.6705662711597016,352.50039126622625,0.3580514918281792,0.36458040311455653,0.36628451728859135,0.38786663667440313,0.6705662711597016,83.43004745746232,0.3580514918281792,0.3739262691739837,0.37633019322099315,0.38342443877030785,0.6705662711597016
4,183,16969404.17434113,0.07284193216796142,0.1986297345005973,0.22911284929812614,0.31377734004821856,0.8990339294787398,36578947.64346148,0.07284193216796142,0.18453253837415012,0.23409498217021946,0.28500569578156154,0.8990339294787398,16395534.205449114,0.07284193216796142,0.21523626340719337,0.21607731643436698,0.22904904882252658,0.8990339294787398
4,184,68.79108978595474,0.21909738043517835,0.2381622193499898,0.46535981799555093,0.5020487469348653,0.5044641745432168,66.26461683932168,0.21909738043517835,0.23814404714846063,0.46267964826529956,0.4918848952237219,0.5044641745432168,68.79108978595474,0.21909738043517835,0.2381622193499898,0.46535981799555093,0.5020487469348653,0.5044641745432168
4,185,159.50636700445162,0.18295421646274423,0.502287399064858,0.7296584315787643,0.8797945447195268,0.9129667616838961,303.05925227937956,0.18295421646274423,0.5051927933870553,0.668134874535204,0.7669022459491401,0.9129667616838961,87.76696965709202,0.18295421646274423,0.5855117444305373,0.8482579549791873,0.9089176117266751,0.9129667616838961
4,186,214.91503915642014,0.2295393224131388,0.3385453513468183,0.49931727456266073,0.5431623422118053,0.933288183287039,62.205771421628846,0.2295393224131388,0.3387606535166597,0.39240448146741624,0.570715458128618,0.933288183287039,28.685747546478577,0.2295393224131388,0.27171015631986406,0.33774806208496755,0.5909622145974405,0.933288183287039
4,187,172.61115781057336,0.076605421304485,0.19340866979592153,0.26186812775585566,0.27388652378472167,0.5603917503991347,705.274917008186,0.076605421304485,0.1691101046969015,0.2674969593714641,0.2752372578369767,0.5603917503991347,234.75240768137226,0.076605421304485,0.2476290213814889,0.25196872955612903,0.2657203580748767,0.5603917503991347
4,188,1986.4345402679232,0.06108708016701203,0.6826126224504446,0.8730093123335856,0.9632676204841537,0.9784893211100283,4287.47831173822,0.06108708016701203,0.6826126224504446,0.8730093123335856,0.9632676204841537,0.9784893211100283,664.5358810595008,0.06108708016701203,0.8486831260079468,0.9563235807686634,0.9632641341810301,0.9784893211100283
4,189,72.47460348882316,0.019834501226840606,0.18933200886894597,0.3846295067395465,0.49954960187201525,0.9335008799703195,173.8053518487868,0.019834501226840606,0.1924566719894078,0.3456834911219565,0.503212796583713,0.9335008799703195,96.53966569080906,0.019834501226840606,0.4008989134745259,0.46748518788754834,0.4853462608657241,0.9335008799703195
4,190,7.892685312111892,0.20825461018095393,0.41078806353976594,0.6538694022551719,0.7340532830736829,0.739155984097985,15.383685098209376,0.20825461018095393,0.40716568710592305,0.6348141268287069,0.7224989208476177,0.739155984097985,7.133018740473282,0.20825461018095393,0.4139553217790469,0.655351129836773,0.7340532830736829,0.739155984097985
4,191,13.986187558841175,0.24805472566707976,0.4134556287297449,0.47580970886819063,0.6600108014876307,0.9334017377971604,22.75930076161516,0.24805472566707976,0.414272917491878,0.47471563294782393,0.6972971470730955,0.9334017377971604,23.213317550956283,0.24805472566707976,0.41013615494292105,0.47998728079837505,0.6052088821207016,0.9334017377971604
4,192,6.383811432759666,0.41046440434341025,0.46397418022306225,0.5606258984773937,0.6934050124829035,0.7994714625555969,11.22297993698718,0.41046440434341025,0.47357653083988116,0.5597439782816758,0.6930771660880237,0.7994714625555969,9.410453966256455,0.41046440434341025,0.455299240304518,0.5640858886769138,0.6938528661635668,0.7994714625555969
4,193,320.9185441828376,0.05235987525913888,0.480376287777052,0.8738352525559911,0.9117803363190009,0.914313244392242,349.43012122887393,0.05235987525913888,0.4589124832110307,0.8734806480949269,0.8833431875952904,0.914313244392242,301.92297668339336,0.05235987525913888,0.48761502277573915,0.8738352525559911,0.9117803363190009,0.914313244392242
4,194,3058.557168181064,0.007810572129065441,0.2910447564242923,0.3573989328464612,0.3727179799114072,0.3737405560698235,3085.577138019297,0.007810572129065441,0.29482986604709105,0.3513110327073122,0.35559576989761454,0.3737405560698235,3058.557168181064,0.007810572129065441,0.2910447564242923,0.3573989328464612,0.3727179799114072,0.3737405560698235
4,195,35.750876438209,0.04885266715817316,0.2848624810967123,0.46011685988297546,0.538142016291612,0.9926688244473835,81.10016596712518,0.04885266715817316,0.25697858705906934,0.4649578279041644,0.5428861372583075,0.9926688244473835,51.36873625330947,0.04885266715817316,0.37924531630232144,0.44392616722116107,0.5470243074308094,0.9926688244473835
4,196,587.9267866246604,0.45342222803647025,0.48789382064013853,0.5624392157488456,0.6800273406430971,0.9848200752920078,11977.319577908947,0.45342222803647025,0.48621203205109886,0.6180785579122907,0.7363908737686401,0.9848200752920078,541.3061523323829,0.45342222803647025,0.49093453422860145,0.5435120029409051,0.6838940460148757,0.9848200752920078
4,197,459.07515426163724,0.23602865205703616,0.5992014524169003,0.6950358586850488,0.7171607993761908,0.7186376821588611,458.2665763600594,0.23602865205703616,0.6009885085562113,0.6848089707252398,0.6888011553067448,0.7186376821588611,422.9852020297957,0.23602865205703616,0.5992015162302993,0.6950358586850488,0.7171607993761908,0.7186376821588611
4,198,51969.9680224005,0.13086935139548495,0.44038029782396204,0.4408334386611573,0.4511251040870127,0.5031352083640557,117278.73163043978,0.13086935139548495,0.44038029782396204,0.4408334386611573,0.44754641258686295,0.5031352083640557,49557.26594606296,0.13086935139548495,0.44076660645059695,0.44088574754877546,0.44108966944450084,0.5031352083640557
4,199,291.9385492135845,0.03264771584384729,0.21387715609808772,0.22092727351550417,0.3035701613161894,0.43123393824802536,2109.5691090280357,0.03264771584384729,0.20029238796180104,0.21419603413918986,0.30302854018017017,0.43123393824802536,446.5575659204889,0.03264771584384729,0.21915226401986318,0.24552842977840994,0.25466107904006213,0.43123393824802536
8,0,497676.7124053842,0.17244161863919605,0.419092607018245,0.5034148603285084,0.9207691881213702,0.927043485774555,357974.7736447036,0.17244161863919605,0.41628644991370206,0.4718949625718807,0.9189844682392195,0.927043485774555,251547.90354113004,0.17244161863919605,0.41816110322436695,0.5096479662626074,0.9207691881213702,0.927043485774555
8,1,550.0725924923119,0.033727929064514606,0.1382498744094034,0.5753739106197684,0.6383022078571816,0.8532799475237539,3250.4707616538035,0.033727929064514606,0.23196857276345212,0.5902963357329599,0.6383556757484791,0.8532799475237539,574.7907555096361,0.033727929064514606,0.11750209786849473,0.5839622210138387,0.6383570498527767,0.8532799475237539
8,2,18991.524434621617,0.10048818021460304,0.8047062844641089,0.8942809627541979,0.9354560185648011,0.9845403808309886,32570.971652034317,0.10048818021460304,0.7214242498117103,0.8929216474288224,0.9291723406440578,0.9845403808309886,5819.247261592782,0.10048818021460304,0.8167255498387621,0.8929216474288224,0.9291723406440578,0.9845403808309886
8,3,93818.98903270812,0.12467755580173956,0.3069273255249204,0.3288660495021339,0.38561351054517345,0.8441874799916916,192995.303277282,0.12467755580173956,0.3069273255249204,0.3288660495021339,0.37218254800572137,0.8441874799916916,95077.59259866174,0.12467755580173956,0.3069273255249204,0.3288660495021339,0.3866084334654703,0.8441874799916916
8,4,235032.79845038222,0.07901713396315913,0.37861149254385384,0.4063048031735491,0.8536222496845969,0.8896827616624976,227138.85676533618,0.07901713396315913,0.387808586039851,0.4070922787484539,0.8583467211647633,0.8896827616624976,233988.77244770064,0.07901713396315913,0.38249896337259076,0.4066435909771703,0.8536222496845969,0.8896827616624976
8,5,5110.220519088496,0.0792951102381172,0.4235478679372563,0.5369778980678839,0.8581972416816799,0.8850259961947539,5552.794014957828,0.0792951102381172,0.3890523678732136,0.54504833854506,0.8581972416816799,0.8850259961947539,3769.1821681056304,0.0792951102381172,0.4385253063311801,0.5355550590267564,0.8656489008885299,0.8850259961947539
8,6,13717.575053337327,0.09929810512400172,0.2732657591758126,0.5204801348496066,0.6092184473186989,0.9305671844483129,20065.078750700934,0.09929810512400172,0.28345160687946,0.5100630997946736,0.6070870655440537,0.9305671844483129,6846.421380369139,0.09929810512400172,0.26504390469508493,0.536978357664142,0.5864702787840927,0.9305671844483129
8,7,52048.30214214648,0.061107603558235635,0.23175480293376766,0.4719177640410762,0.6313974657473139,0.8719222997428494,36328.49839452937,0.061107603558235635,0.27796130104471417,0.48266634066818037,0.633972843735173,0.8719222997428494,22032.92074368554,0.061107603558235635,0.3048562346598404,0.478566411467372,0.6249652327041522,0.8719222997428494
8,8,18131.804327602444,0.040419755402158586,0.6507789950586582,0.7750763322256911,0.7761605374516279,0.8000777731254702,2034145.4533025096,0.040419755402158586,0.6790359547614401,0.7750964588164478,0.7760386663063319,0.8000777731254702,14812.677835430552,0.040419755402158586,0.5554293875493655,0.7752864731415217,0.7760541876433182,0.8000777731254702
8,9,150.55808238979702,0.4028865326789468,0.41956129341449094,0.4457754817088947,0.5834735867848686,0.9555979708552627,441.0886521773751,0.4028865326789468,0.41956129341449094,0.4457754817088947,0.583772830941448,0.9555979708552627,73.81057806696916,0.4028865326789468,0.419645710492426,0.4388536678501871,0.5837632827232003,0.9555979708552627
8,10,45346.952935463676,0.07192616636643745,0.5411341774464082,0.6772158862649637,0.7130047333318082,0.9066627940459907,38336.851117423386,0.07192616636643745,0.538131143099321,0.6387819149119721,0.7183021599576639,0.9066627940459907,19699.835000356277,0.07192616636643745,0.5397605975974054,0.6848637831197248,0.7122862250249875,0.9066627940459907
8,11,170.04510051418964,0.0255662172568919,0.14403845732682896,0.2001652925741327,0.22857611998413643,0.8615153738451652,3906.031376363332,0.0255662172568919,0.14403845732682896,0.207048573217176,0.2772842364885586,0.8615153738451652,344.2924671434387,0.0255662172568919,0.14403845732682896,0.207048573217176,0.2772842364885586,0.8615153738451652
8,12,4092.8276157003147,0.16143591749327302,0.4659219599732563,0.6029945318837489,0.6964352966702243,0.8096141771987128,4920.619186058362,0.16143591749327302,0.4659219599732563,0.6029945318837489,0.6964352966702243,0.8096141771987128,2787.3249981439294,0.16143591749327302,0.46282245730931904,0.6017268098362684,0.62250729864444,0.8096141771987128
8,13,9947.234645974286,0.04449452248354058,0.1194958381094941,0.20683486642090138,0.5151824033205071,0.8043170297646003,19037.246606447097,0.04449452248354058,0.17116848336268972,0.31444260729640516,0.5151824033205071,0.8043170297646003,4255.991595951181,0.04449452248354058,0.09688060080463122,0.18183562516587676,0.5158546997308596,0.8043170297646003
8,14,185.82421337192812,0.3588968503036014,0.6507613886656395,0.6993193821072101,0.9320879720201249,0.9928054543962108,660.2781007433117,0.3588968503036014,0.6524452408343757,0.6977917309017772,0.9256322217264614,0.9928054543962108,332.97018500265744,0.3588968503036014,0.6312477999130208,0.7031740535660087,0.9315337605049007,0.9928054543962108
8,15,1871.2342843181698,0.18876862997489008,0.3436195992036132,0.7599463209913876,0.8049317475180406,0.9795927343023046,2974.0787600109416,0.18876862997489008,0.34563585184289597,0.7553943265982266,0.7931652677900036,0.9795927343023046,1756.2382476840683,0.18876862997489008,0.34755809090228656,0.7600772988793278,0.8063037862819546,0.9795927343023046
8,16,681579.9263447442,0.03122496792946028,0.40718668380071793,0.5017814292506141,0.5159250731969763,0.8263332752017976,348161.63141496223,0.03122496792946028,0.4232457142589606,0.5018049446185179,0.5425125211462645,0.8263332752017976,50388.63412840588,0.03122496792946028,0.4289051161562227,0.5017665204793723,0.5158347196624389,0.8263332752017976
8,17,11372.269838216966,0.24307557273417346,0.6082333358547124,0.6841495298570138,0.7959022810769472,0.9057423573275514,13268.653292126315,0.24307557273417346,0.5913240848687362,0.6712338583240732,0.8020004312308228,0.9057423573275514,3704.992000808056,0.24307557273417346,0.6115824108723104,0.6360433106021228,0.7928456019662949,0.9057423573275514
8,18,43.05937611369138,0.30755402097671747,0.4446131312434042,0.6486826410378864,0.7469251470978469,0.8650381877293709,79.05703678054874,0.30755402097671747,0.4528871715118131,0.6483131327447649,0.7476432505357784,0.8650381877293709,61.67349998020237,0.30755402097671747,0.4289153713626064,0.6470532629505765,0.7445350380486687,0.8650381877293709
8,19,6909.100074557548,0.17695194747237475,0.6966245726152701,0.737714225404241,0.8287350645621688,0.9834256574665062,19550.72373107667,0.17695194747237475,0.6966245726152701,0.738321673615592,0.8412103291353705,0.9834256574665062,3738.9682791737077,0.17695194747237475,0.6965292491282038,0.7434666819529037,0.8181281441286928,0.9834256574665062
8,20,1185.2290905962734,0.060269069522922436,0.18752648469806868,0.557898931521021,0.7156875952530546,0.7319935269839394,1736.7106919659811,0.060269069522922436,0.1685340634898598,0.5441533461369963,0.7156875952530546,0.7319935269839394,1257.0301272339932,0.060269069522922436,0.17782125069972154,0.5562145378848635,0.7157080931019126,0.7319935269839394
8,21,148139.89274937296,0.1954256059162861,0.23940183847488394,0.26288124012657293,0.7234952466516179,0.8742736732786839,102207.04112123542,0.1954256059162861,0.23940183847488394,0.26288124012657293,0.7597908866305663,0.8742736732786839,30223.973774335955,0.1954256059162861,0.24237883353687842,0.26288124012657293,0.8442237419638425,0.8742736732786839
8,22,1318.5225323242596,0.006266074421099499,0.2174716858503556,0.2823096381387452,0.7379289226312165,0.9321898048004733,1529.0509333644238,0.006266074421099499,0.21809676046037973,0.2939553357952452,0.7055635643451521,0.9321898048004733,653.785631011411,0.006266074421099499,0.21968315929632798,0.2799871425144598,0.7772738320201381,0.9321898048004733
8,23,730293.8863612353,0.016337056563162533,0.27954994068679395,0.6069287181829476,0.6755667209715122,0.9868221436603755,772876.5852578339,0.016337056563162533,0.2784042504061415,0.6238764770605758,0.6370082520200326,0.9868221436603755,730062.9676722115,0.016337056563162533,0.27954994068679395,0.6069287181829476,0.6755667209715122,0.9868221436603755
8,24,100127977.57031971,0.02453067360830985,0.2067979232127301,0.27238184488516715,0.7886689342737079,0.824122392148156,111116200.09805131,0.02453067360830985,0.2067979232127301,0.29105349638437206,0.7886827038337677,0.824122392148156,102276086.45693868,0.02453067360830985,0.20915517042369902,0.29105349638437206,0.7901569068426151,0.824122392148156
8,25,94.08753172749077,0.10734219975454606,0.150721867518762,0.3944843821415376,0.5174728335484916,0.7152637772996177,266.11011297902627,0.10734219975454606,0.19323759934844037,0.3975370602203886,0.5121408223390089,0.7152637772996177,108.67399417144274,0.10734219975454606,0.1528865313336077,0.3891108726736656,0.5183628634334156,0.7152637772996177
8,26,9417.88759389387,0.04346058039908529,0.28257776232873844,0.29998144379418124,0.3191185039386681,0.7472043470119666,18074.065169888032,0.04346058039908529,0.28257776232873844,0.29998144379418124,0.3210394284275976,0.7472043470119666,9534.530328807237,0.04346058039908529,0.28255807330516725,0.28382064364823295,0.32067671031383443,0.7472043470119666
8,27,218145.16139414598,0.07359002431795425,0.3291591360064725,0.5168884715117332,0.7769640594100692,0.9380492793788683,487788.2214843876,0.07359002431795425,0.3291591360064725,0.5208762470606125,0.7515654051176951,0.9380492793788683,27878.0126738985,0.07359002431795425,0.46771140251518817,0.5161418996721543,0.7075031594897503,0.9380492793788683
8,28,3170.854408261968,0.38726809469851964,0.3906610665222562,0.44023568045735556,0.8202745659358368,0.9468413555074765,7400.030228190333,0.38726809469851964,0.39540708385862244,0.4360709849899569,0.8056873673243097,0.9468413555074765,2726.604392266882,0.38726809469851964,0.3906610665222562,0.4360709849899569,0.8209984627076005,0.9468413555074765
8,29,31011.22979492257,0.24254382510281847,0.4565515450414682,0.81087867549378,0.9587146233051097,0.9760852767852405,30387.736742569596,0.24254382510281847,0.4566788510074916,0.7962066301979653,0.9592126628628823,0.9760852767852405,31360.111274841965,0.24254382510281847,0.4560116043589585,0.7783980688664698,0.9587126039680091,0.9760852767852405
8,30,15104.249358644778,0.07082932417160881,0.24619739330762566,0.5229320634074497,0.6269324491996051,0.9341063503737189,17777.169220767384,0.07082932417160881,0.23969246133631086,0.5169400503899624,0.5831973315750683,0.9341063503737189,4116.06124023778,0.07082932417160881,0.23969246133631086,0.5375820307212396,0.550349400067752,0.9341063503737189
8,31,408.2032494996057,0.01887732124272412,0.18032643044362823,0.21168409134215893,0.3612369207694809,0.7934248454734795,1758.7090506023806,0.01887732124272412,0.17802777015198856,0.21687130572543026,0.33188096008641893,0.7934248454734795,363.4241269631153,0.01887732124272412,0.18548015406888804,0.20650903014172053,0.360725870436325,0.7934248454734795
8,32,95026.75430425408,0.04837384527739674,0.34753209445783717,0.39474773400030005,0.8420016897194554,0.9561092120195576,76004.78964232301,0.04837384527739674,0.35811728086191247,0.3796685349085982,0.838396652882639,0.9561092120195576,57726.669985967514,0.04837384527739674,0.34753209445783717,0.39474773400030005,0.8383266982750507,0.9561092120195576
8,33,392016.75927911,0.10907551039806906,0.39906386997405574,0.6327831700861364,0.7685047470832316,0.8217833905950768,393900.0265880525,0.10907551039806906,0.39207807479172646,0.6275685859301376,0.7639894000621267,0.8217833905950768,402832.457274649,0.10907551039806906,0.41843216600588673,0.6426042804831524,0.7520814719264757,0.8217833905950768
8,34,6126.034909879907,0.04709044177965194,0.486197790544128,0.5303430638913007,0.7355275180853791,0.9408814893354734,5822.643226180845,0.04709044177965194,0.4282365295107259,0.5303430638913007,0.7415316986707163,0.9408814893354734,2996.3376694100193,0.04709044177965194,0.49728161277090877,0.5303430638913007,0.7355275180853791,0.9408814893354734
8,35,7908.689849751014,0.07901274310518513,0.4681468680881193,0.7172209369069731,0.7537061836956046,0.9876432315984026,38598.83898815521,0.07901274310518513,0.4625701057087407,0.7242975246381185,0.7571819283982972,0.9876432315984026,8684.847111213374,0.07901274310518513,0.46983133646516634,0.6966471068426916,0.7551554764793446,0.9876432315984026
8,36,2410.245409667022,0.15991786457982904,0.3883070499663114,0.6407339604584954,0.8279674890372606,0.9660071258216587,4758.917921689079,0.15991786457982904,0.4379574130324318,0.6395165732378478,0.8117671109300111,0.9660071258216587,2872.715039261038,0.15991786457982904,0.4122179489623514,0.6411518331096524,0.848473476769596,0.9660071258216587
8,37,3144553.8564782236,0.018019088087207757,0.04571123229611134,0.34333566002553073,0.40174591145331184,0.5054330048136576,3182051.4380542063,0.018019088087207757,0.041334625327129774,0.3378117677579313,0.4140868139008605,0.5054330048136576,3172178.8861367353,0.018019088087207757,0.04571123229611134,0.3378117677579313,0.4140868139008605,0.5054330048136576
8,38,923.3422221383295,0.0009300367318387792,0.18479236255140372,0.3182783038932741,0.34916929970595273,0.5538378940544446,1712.3750596085579,0.0009300367318387792,0.181669235292546,0.31750014319102815,0.3625131564049414,0.5538378940544446,957.1179477599861,0.0009300367318387792,0.18502124761500915,0.31792254368557027,0.34824679053002894,0.5538378940544446
8,39,139270.89310098568,0.03861840276678796,0.24981784700970822,0.36994729833058426,0.4586882102031515,0.9177053540736689,344890.89974262385,0.03861840276678796,0.24981784700970822,0.36994729833058426,0.46711233891914183,0.9177053540736689,126207.5205934867,0.03861840276678796,0.347455583385365,0.370180131591397,0.466160444481725,0.9177053540736689
8,40,290103.5635698501,0.033369181303403606,0.5808003480398505,0.6500835243711608,0.8405846328110974,0.9779097979319867,221042.40664781228,0.033369181303403606,0.5769419291665642,0.6598009765438962,0.8405846328110974,0.9779097979319867,80478.43867347039,0.033369181303403606,0.5686651585257457,0.6571129082683238,0.8396925075392199,0.9779097979319867
8,41,18690479878921.27,0.0431074822398444,0.19509403045838103,0.2558144517976133,0.2975088913826652,0.9454726351561199,18435255541947.66,0.0431074822398444,0.19281376514637813,0.2558144517976133,0.2975088913826652,0.9454726351561199,18498513742949.062,0.0431074822398444,0.19410819661328543,0.267723090015332,0.2721116833647353,0.9454726351561199
8,42,163.87762655847257,0.08407430857008424,0.2204820081607485,0.44340365468070686,0.6805631868861626,0.8608652291331527,444.70207865515005,0.08407430857008424,0.23336045716404938,0.42545704998003286,0.6800575094532237,0.8608652291331527,213.33150357257395,0.08407430857008424,0.20139068295474288,0.4490631324666968,0.6761178148470788,0.8608652291331527
8,43,28405.263316339882,0.18358419177908492,0.26780281354969426,0.5749004241488926,0.5813497339884792,0.9302264698805396,31847.611809570462,0.18358419177908492,0.277737687035433,0.5811030624822332,0.585433120920983,0.9302264698805396,36073.9951474746,0.18358419177908492,0.2697683275105003,0.5572975733326435,0.6037581662505316,0.9302264698805396
8,44,6050.54784072666,0.017856817009062387,0.6416724600163853,0.7577097576507463,0.8562337849216809,0.9888564204399688,49630.83452341198,0.017856817009062387,0.6431277762533844,0.7447380861212763,0.8565683751413664,0.9888564204399688,5176.984610166869,0.017856817009062387,0.567908919265675,0.7608567002680836,0.8557289484869016,0.9888564204399688
8,45,2619.780935923203,0.07697431049828007,0.10956136488143517,0.5190380949543931,0.7164180546204054,0.8914993433676229,9039.14337962922,0.07697431049828007,0.19358796299577477,0.5123668788637445,0.7636850773805051,0.8914993433676229,2372.6228524894045,0.07697431049828007,0.1048208144203228,0.5311161338597183,0.7332316398381835,0.8914993433676229
8,46,1796.1865537791514,0.1617687825785512,0.41137193131192923,0.41800392845745593,0.5314661304527307,0.8420574475731277,2691.962590296385,0.1617687825785512,0.4111713231145568,0.4170417101488544,0.5300907853014288,0.8420574475731277,1050.2239017694326,0.1617687825785512,0.4104114895303116,0.4197545381292104,0.5337538691707503,0.8420574475731277
8,47,85565.74614770644,0.051800174754611295,0.06683646869228396,0.13790626762755548,0.2158847552184418,0.8620134307297589,70203.1248834922,0.051800174754611295,0.09335706242030668,0.15939678074354088,0.23729476886641582,0.8620134307297589,24687.109479593557,0.051800174754611295,0.09335706242030668,0.15939678074354088,0.21343759510801216,0.8620134307297589
8,48,2515.410652163441,0.1670053621072738,0.3044487143031851,0.32463781609920406,0.6010255331209303,0.9821067800779065,4711.61502623396,0.1670053621072738,0.30328049977107474,0.3211532069882138,0.6133337695082683,0.9821067800779065,2612.063287931861,0.1670053621072738,0.308644265767921,0.32738568975289783,0.6042643206989347,0.9821067800779065
8,49,30372.044790444346,0.012879397425145989,0.026387972744847076,0.5501036773565335,0.6560127108379368,0.8748682510653014,57027.6158606429,0.012879397425145989,0.02829403556871013,0.5488542369467808,0.6641446645418407,0.8748682510653014,30058.69103846542,0.012879397425145989,0.026387972744847076,0.5708359333126432,0.6549907537444556,0.8748682510653014
8,50,1899.9681234287843,0.05844859986288131,0.37990114286547866,0.49365760195965247,0.8294729685867672,0.930716294338874,7143.710171021711,0.05844859986288131,0.3728948271446781,0.5307984640295416,0.8244727043708138,0.930716294338874,2933.442162956761,0.05844859986288131,0.3949081009244329,0.4699877335257989,0.8633878157664181,0.930716294338874
8,51,250.11341453506736,0.0005120307875845498,0.17950493146920807,0.2533442551469762,0.3938745036948045,0.8906274994234683,2619.8356564974883,0.0005120307875845498,0.15606572079139872,0.24225630555524494,0.5479092878617478,0.8906274994234683,269.57059299303745,0.0005120307875845498,0.1863188285111894,0.24673374294032424,0.3636236413500197,0.8906274994234683
8,52,913.2814854629721,0.12858674380389956,0.4086736981262477,0.46796031251941683,0.740156014905316,0.9263994332137852,1989.586264582542,0.12858674380389956,0.4059849726915209,0.4674807793345157,0.7443321690195603,0.9263994332137852,701.7000572986175,0.12858674380389956,0.4069231873264641,0.46962646273984554,0.7241241915923681,0.9263994332137852
8,53,173783774.4056887,0.049817785743956566,0.45913011466808323,0.6227764679039104,0.9179942852778094,0.9194847525846533,173782940.96006024,0.049817785743956566,0.45913011466808323,0.6295405826538945,0.9155574287948459,0.9194847525846533,173378188.95753685,0.049817785743956566,0.48551611093295993,0.5050634162860437,0.9179942852778094,0.9194847525846533
8,54,5673.7562422092415,0.00026965629056474594,0.08873703883661044,0.8080961633928645,0.8913743638317219,0.9776154728270352,9589.630454558606,0.00026965629056474594,0.08887215549857962,0.8080961633928645,0.8913743638317219,0.9776154728270352,4721.784243843672,0.00026965629056474594,0.08897718510070546,0.8081203202341815,0.8131892941201397,0.9776154728270352
8,55,258.1213458203675,0.2952636207919317,0.5149611849861012,0.7583823515123844,0.959123503888361,0.9717165996269036,1204.067843681627,0.2952636207919317,0.5148664527648227,0.7383245140973359,0.925062278357584,0.9717165996269036,250.09935495027105,0.2952636207919317,0.514885285268494,0.7388392181979737,0.959123503888361,0.9717165996269036
8,56,20854.98357413484,0.016675839908021794,0.28598099347190875,0.29325202767964764,0.5670622375920775,0.9448420012946068,35697.867707723046,0.016675839908021794,0.2709753680492608,0.30378261177988186,0.585566377492372,0.9448420012946068,24308.3613532184,0.016675839908021794,0.2869068864256916,0.29221851759401385,0.5725825945523317,0.9448420012946068
8,57,8217.181853506778,0.12421092941995926,0.6641169344879783,0.8605127487768645,0.9233135917011781,0.9686562974238822,11160.517700653632,0.12421092941995926,0.6641126283237084,0.8558832212743224,0.916870614109067,0.9686562974238822,2436.9751112501663,0.12421092941995926,0.6640875421030199,0.8682888448731114,0.9274556638021202,0.9686562974238822
8,58,5246292.387027671,0.0007019398358798501,0.27040941577318145,0.40037015049996727,0.4547881885542996,0.8071295401928966,4514437.879099787,0.0007019398358798501,0.3211947325395423,0.40954550947444546,0.4596875244060307,0.8071295401928966,2780950.8790755663,0.0007019398358798501,0.2917238775261993,0.42911191490279654,0.45348378573256154,0.8071295401928966
8,59,1761.7117826538029,0.20985884498671858,0.3340319286207637,0.4714118562314048,0.8047696702216338,0.9471566488768367,2967.412679661977,0.20985884498671858,0.33188686816570045,0.492034121360049,0.7839469543347006,0.9471566488768367,1556.4542393199936,0.20985884498671858,0.3367760776727924,0.46121769172463195,0.8221335909792646,0.9471566488768367
8,60,346327.4169959599,0.05809561342516767,0.41332728987451584,0.5201938395592278,0.5465221778937409,0.5482796456368355,716791.1775615859,0.05809561342516767,0.4069537707810119,0.5191771562411678,0.5269406566087558,0.5482796456368355,370877.8401332679,0.05809561342516767,0.3911251830204411,0.5201938395592278,0.5465221778937409,0.5482796456368355
8,61,1457476.7532876465,0.05458948388963625,0.6551782612750324,0.7685564324751843,0.7768352299841775,0.9627048037750109,4730766.563788419,0.05458948388963625,0.6749561018434425,0.7697400916758028,0.8013201652548761,0.9627048037750109,1639829.349584846,0.05458948388963625,0.6396772964572512,0.7684432782647744,0.7810375139922408,0.9627048037750109
8,62,9495593.608758766,0.28150717140962744,0.4642608874044931,0.5649359529508791,0.5927203520567692,0.9713639111851579,9283108.638087155,0.28150717140962744,0.46665139242978143,0.5649359529508791,0.5927203520567692,0.9713639111851579,9528388.72535793,0.28150717140962744,0.4678990683764273,0.5649359529508791,0.5927203520567692,0.9713639111851579
8,63,605957.4826040196,0.10722628682918167,0.19916397271963363,0.7820314429568036,0.9460585071078185,0.9714021501172069,375306.0954849198,0.10722628682918167,0.19571774817106147,0.7975696224917712,0.9460585071078185,0.9714021501172069,111017.15232087465,0.10722628682918167,0.1994620161616063,0.8107082898574798,0.9346799540860096,0.9714021501172069
8,64,3073314.928379052,0.07324490196546507,0.27468828909637494,0.5959354091353368,0.6586293601737361,0.9881020251044103,3360594.173022869,0.07324490196546507,0.3130714599891763,0.5836519086709864,0.6507419088451387,0.9881020251044103,3207372.6311542643,0.07324490196546507,0.34457278363730937,0.5924703668715608,0.6481092479810514,0.9881020251044103
8,65,1617.342887010196,0.08595152685222418,0.5300983855599225,0.6234412769151367,0.6380245980738606,0.9289388024251994,6659.422504185826,0.08595152685222418,0.5280802398868902,0.6212628498142574,0.643589103454189,0.9289388024251994,2679.4144222356454,0.08595152685222418,0.5341719029212507,0.6203689626894142,0.6386263226324334,0.9289388024251994
8,66,4260.402728695242,0.07806867873068946,0.31854898192095366,0.5280223289702979,0.6679496850241947,0.965992075675058,8558.43870459478,0.07806867873068946,0.31854898192095366,0.5395821217859438,0.64706069563502,0.965992075675058,4418.95740647134,0.07806867873068946,0.31898362488189486,0.5235125264260125,0.7123943462073024,0.965992075675058
8,67,247.7624301462284,0.02311407779118302,0.2657178336179043,0.31213946388257663,0.4030442712132806,0.8261365463572738,957.3925326422135,0.02311407779118302,0.2657178336179043,0.31949261672366924,0.392204987986705,0.8261365463572738,208.28355208316685,0.02311407779118302,0.30384644208519657,0.3114837243581257,0.4018807933253359,0.8261365463572738
8,68,4076531.055380479,0.14249058603470044,0.185695581388386,0.9320638943322889,0.9540661536962256,0.9897701727288053,5196843.946839611,0.14249058603470044,0.17944028455418948,0.8918299346788958,0.9544716965077602,0.9897701727288053,4413682.147595705,0.14249058603470044,0.18597377987756675,0.9334861828028163,0.9544716965077602,0.9897701727288053
8,69,176.82291630688022,0.09152201534963722,0.15004349777019815,0.301809434623307,0.5350863788108544,0.883323608458982,1121.2519830662272,0.09152201534963722,0.19423064485726557,0.30786312354769074,0.5386726278561819,0.883323608458982,317.17691660858816,0.09152201534963722,0.20582657224024484,0.291478604207713,0.5351574852489737,0.883323608458982
8,70,70250.17821049334,0.16274367406341017,0.28081727395438083,0.4078703860831848,0.4452277551738083,0.6904755655405943,46940.78028593883,0.16274367406341017,0.2893628467280391,0.4078720259360302,0.4452251827688896,0.6904755655405943,23948.28353024023,0.16274367406341017,0.26746868138084523,0.4078682640289674,0.4452237323195377,0.6904755655405943
8,71,37.80389279040718,0.593178340326446,0.7707064976305893,0.8122650503589188,0.8592149398703655,0.9518937426269728,114.45081059628704,0.593178340326446,0.7697646748331973,0.812008941082375,0.858063104988579,0.9518937426269728,47.932091850287925,0.593178340326446,0.7748263940086332,0.813212010464585,0.8606630082356624,0.9518937426269728
8,72,4495.472782152185,0.05829504184478673,0.5369884841018346,0.6072756697197117,0.7891614771892855,0.8132484771787881,13393.60590397301,0.05829504184478673,0.5369884841018346,0.6115397920686017,0.7560231460926982,0.8132484771787881,3647.0539517360503,0.05829504184478673,0.5368840814393212,0.6086689790950259,0.7895228620114448,0.8132484771787881
8,73,3444.8220746447155,0.041056995837607024,0.11239488264504968,0.1977943364789943,0.46782067966018137,0.8944747935131622,10520.738040111139,0.041056995837607024,0.11117437153138772,0.16887361053536687,0.4740735554365738,0.8944747935131622,5304.271274618591,0.041056995837607024,0.04443284718376217,0.14887100564303385,0.4596986946460996,0.8944747935131622
8,74,73809.25360209323,0.09014673986819433,0.43573275816066404,0.438615600101143,0.6042100355491686,0.696817034221587,147981.368643025,0.09014673986819433,0.43573275816066404,0.438615600101143,0.6307447351732286,0.696817034221587,44082.993008757534,0.09014673986819433,0.43573275816066404,0.438615600101143,0.578056297188332,0.696817034221587
8,75,636.4706558431784,0.36760810678536604,0.5133410151319556,0.6787536198067687,0.8002257749172508,0.9671434163640944,1246.9700861834613,0.36760810678536604,0.5042497361548346,0.6721343316693068,0.8006962780825935,0.9671434163640944,852.4669802835069,0.36760810678536604,0.5137159989172349,0.6814316137643006,0.8169341790961743,0.9671434163640944
8,76,30129.234695575877,0.25654694222919916,0.6386151844010195,0.7114429699211613,0.8144590061270804,0.9991335201233115,21733.623342732986,0.25654694222919916,0.6363362691517083,0.7101798996012416,0.8165405797379259,0.9991335201233115,4182.268329111793,0.25654694222919916,0.6226074993040529,0.6859465464555201,0.8188998067478909,0.9991335201233115
8,77,507994.9350965614,0.027082407665702468,0.5468805856016982,0.5792556129670965,0.6294385285439174,0.9638719215121196,495157.99534918106,0.027082407665702468,0.5468805856016982,0.5792556129670965,0.6294385285439174,0.9638719215121196,507630.64345739275,0.027082407665702468,0.5468805856016982,0.5792556129670965,0.6294385285439174,0.9638719215121196
8,78,21511.226390554646,0.006586296309507467,0.09318170270382671,0.21870313137631384,0.6684171149978171,0.9322840085123183,16756.7419563569,0.006586296309507467,0.09727094942659595,0.21870313137631384,0.6910903905963207,0.9322840085123183,9317.185702953911,0.006586296309507467,0.09941401404003286,0.21870313137631384,0.726512943190919,0.9322840085123183
8,79,1578.5966771365481,0.09331687583032999,0.11684256944215514,0.16008525051962952,0.5417185933321237,0.7490200564567977,6430.109033250239,0.09331687583032999,0.11675198637731446,0.15614847608020693,0.5306473065459689,0.7490200564567977,1748.270199476652,0.09331687583032999,0.1164633484993782,0.15982544780772473,0.5513807675899449,0.7490200564567977
8,80,100065.68512495796,0.03225549163621699,0.1281088831699564,0.7517284545748365,0.7747997362291005,0.9665437800237773,170584.0778342302,0.03225549163621699,0.12109520660314432,0.7484194443369032,0.7776687811290238,0.9665437800237773,161871.2811377564,0.03225549163621699,0.11818551028011456,0.7484194443369032,0.7573483973170677,0.9665437800237773
8,81,3330.9341704044577,0.19672210545734958,0.6102519206539361,0.6336151159106469,0.6887810661322515,0.8460132542081928,9215.931393782748,0.19672210545734958,0.6102519206539361,0.6625594385266562,0.6934047176169728,0.8460132542081928,1621.7624831871885,0.19672210545734958,0.6109251383178731,0.6625594385266562,0.6877524477235029,0.8460132542081928
8,82,123657.93524016677,0.02683817044558845,0.22064163178618812,0.567279682275075,0.6894382491408333,0.9871255271146434,116030.7136966991,0.02683817044558845,0.22064163178618812,0.567279682275075,0.6894382491408333,0.9871255271146434,16904.455354963236,0.02683817044558845,0.4969092102946514,0.6793368746894206,0.6894382491408333,0.9871255271146434
8,83,1906.3364009338056,0.16223630563606617,0.22221120003865072,0.4713732369754041,0.5249858064317212,0.8353906545950788,6032.064970755132,0.16223630563606617,0.2165992196393055,0.48471496281338855,0.527679704325941,0.8353906545950788,2809.1644679979877,0.16223630563606617,0.2165992196393055,0.48471496281338855,0.5243853923444489,0.8353906545950788
8,84,11463.47483734221,0.041929584420723476,0.5107381413334076,0.5701061952621825,0.5987879940548818,0.9170085120402587,39703.94465314301,0.041929584420723476,0.49255302832279024,0.5638314728027951,0.6066111707001003,0.9170085120402587,9829.483677558876,0.041929584420723476,0.5049425703025225,0.5704887123864502,0.6207077207954023,0.9170085120402587
8,85,5833.614958585626,0.18640992437581227,0.4283382634863006,0.5183287153918672,0.7032894178502896,0.9899548457460924,4946.757731566231,0.18640992437581227,0.45843965024478245,0.4885564827200495,0.6521962066880131,0.9899548457460924,944.2411733875916,0.18640992437581227,0.46442398379350125,0.5297722124447497,0.5532254175794462,0.9899548457460924
8,86,3047.2876266428925,0.0656304355320354,0.4246789080051654,0.4407734131711444,0.8786155823093945,0.9958854099586886,5344.785609216841,0.0656304355320354,0.42285086842662967,0.4407734131711444,0.8649321572906522,0.9958854099586886,2623.9613109049897,0.0656304355320354,0.4153992608892755,0.43530035230810993,0.8795728382480352,0.9958854099586886
8,87,154347.82433100723,0.11546498198708155,0.5105673598159495,0.7037373345248523,0.8885737034816767,0.9422105535626186,177550.43624804632,0.11546498198708155,0.6594620609397414,0.6779199930813427,0.883731846442142,0.9422105535626186,128372.62127295848,0.11546498198708155,0.6714997425546076,0.7073248911150452,0.891445768889177,0.9422105535626186
8,88,15038.889845824186,0.11065982806429786,0.6585617625569731,0.8864091759428268,0.900668453517077,0.9401294262543053,41704.27809799105,0.11065982806429786,0.6595053907481474,0.8856635880289014,0.9057223224099575,0.9401294262543053,15570.847550571849,0.11065982806429786,0.6329754186609597,0.8856635880289014,0.9057223224099575,0.9401294262543053
8,89,484793.96614315873,0.08393334873111624,0.5915418621961815,0.654186382885861,0.6720019100159966,0.9594815183658666,977925.6327808963,0.08393334873111624,0.5915418621961815,0.654186382885861,0.6746658070400543,0.9594815183658666,374729.0352597449,0.08393334873111624,0.5915418621961815,0.654186382885861,0.6696965370988995,0.9594815183658666
8,90,136091.01523962858,0.123949979592482,0.13981288796096075,0.8480319527245772,0.9705026359149073,0.9786777919937705,317767.4298554773,0.123949979592482,0.14041732670778478,0.8630116640411094,0.9333922238387734,0.9786777919937705,171513.19100533493,0.123949979592482,0.13981288796096075,0.8480319527245772,0.9705026359149073,0.9786777919937705
8,91,11099.02342786812,0.13297799421926626,0.28797127471186007,0.32934225614067414,0.5520782661782458,0.8727769328283309,17392.581379384446,0.13297799421926626,0.26899419088891197,0.33173670631469754,0.5498862337173032,0.8727769328283309,3204.4674364469333,0.13297799421926626,0.292812762142663,0.3249653822982776,0.5554886273421524,0.8727769328283309
8,92,6554.110892344005,0.3029407624974254,0.42560297588002916,0.5446241611846527,0.6054012540376125,0.8248756022634526,9933.466085696426,0.3029407624974254,0.42693381246496187,0.5420061891006993,0.6056302234326617,0.8248756022634526,5549.3343613663765,0.3029407624974254,0.4252934203602169,0.5668029724316925,0.593269995655554,0.8248756022634526
8,93,14256.08946521978,0.06742212073722598,0.15725635038035762,0.2025742043885287,0.3515653799324434,0.9025301030012178,18246.292575873034,0.06742212073722598,0.16158669590622501,0.20744434806257278,0.3535444970020356,0.9025301030012178,15267.44244445128,0.06742212073722598,0.16420093022117535,0.20578395602660698,0.3678794250425461,0.9025301030012178
8,94,695.9738517655672,0.03507899546663118,0.5587271119941191,0.6400699895471611,0.7088921357299143,0.888569770038189,2887.9650247912036,0.03507899546663118,0.557442057580402,0.6385224940643949,0.7197651209417526,0.888569770038189,1054.7362746263525,0.03507899546663118,0.5520950443145789,0.6410090284836871,0.7232093566000501,0.888569770038189
8,95,138.62311685481959,0.1445375259460563,0.2883222147040567,0.4119332875902727,0.6773689343251903,0.7858674489558827,401.0720446690709,0.1445375259460563,0.28954220340875647,0.4115246735393186,0.6608497519286733,0.7858674489558827,82.05316945421215,0.1445375259460563,0.28375092597721424,0.41074756993633604,0.7228546181102873,0.7858674489558827
8,96,822662.3616878497,0.0563976297925699,0.4273431396979139,0.633343430849397,0.8891275888040109,0.9792037982400922,826553.2693166484,0.0563976297925699,0.45670341514501983,0.6306670706487223,0.8809635968834403,0.9792037982400922,917408.232462116,0.0563976297925699,0.38589199332969304,0.645238118687743,0.9059831589679935,0.9792037982400922
8,97,3703503.35004366,0.21703352242461493,0.7767602786423315,0.8389225684223902,0.8613708710935908,0.9948567977488315,6875789.94777799,0.21703352242461493,0.7767602786423315,0.8448769519972721,0.8894561492426887,0.9948567977488315,3132995.3781504882,0.21703352242461493,0.8287074006980978,0.8448769519972721,0.8556679264909617,0.9948567977488315
8,98,642694.1047409145,0.017595253055735838,0.6941153813461198,0.7394375807936668,0.7598901798565579,0.8977160824977225,697234.2733023681,0.017595253055735838,0.5916258414567148,0.7220986406482073,0.7598108118971167,0.8977160824977225,594232.160023598,0.017595253055735838,0.6832517071223527,0.7573805540640686,0.7596155601248058,0.8977160824977225
8,99,27669.42658067652,0.2703409658395006,0.5545053012559447,0.7917079314472366,0.9438123944003943,0.9539280061671528,45795.730310752304,0.2703409658395006,0.5551108137220591,0.7960152522377817,0.8860148174896717,0.9539280061671528,26243.971639941046,0.2703409658395006,0.5579503645099704,0.7911025753955698,0.9438123944003943,0.9539280061671528
8,100,15574559.756669428,0.1862535346429628,0.43159496569709,0.6770089415244067,0.823290278002663,0.9702619315331241,15605087.22363693,0.1862535346429628,0.43159496569709,0.6770089415244067,0.8161467866069142,0.9702619315331241,15458617.154669045,0.1862535346429628,0.42863900397120647,0.6771231384045349,0.8138887590677443,0.9702619315331241
8,101,1419.2134428144668,0.08286645956168714,0.21817616446750177,0.5838093164378897,0.6617821901819557,0.9415935210421876,3061.9529218103603,0.08286645956168714,0.1918095265871199,0.5759304788536378,0.7366720991829738,0.9415935210421876,899.5284245572957,0.08286645956168714,0.15976203822183205,0.5843192972820209,0.651128469783288,0.9415935210421876
8,102,81345.39338733158,0.04778560676051713,0.3356438302975172,0.7810694294182579,0.7873966273910911,0.8616070604595926,81400.58623599263,0.04778560676051713,0.3356438302975172,0.7810694294182579,0.7873966273910911,0.8616070604595926,74719.12128059659,0.04778560676051713,0.3333811657298247,0.7827847850435861,0.7842443845558038,0.8616070604595926
8,103,105042.17809182574,0.2303672753841285,0.3041833160502391,0.41075163836357875,0.7469349519839821,0.7809501096821841,132552.72789370376,0.2303672753841285,0.3041833160502391,0.4157566901880146,0.7244102525903373,0.7809501096821841,157496.1278613919,0.2303672753841285,0.3041833160502391,0.4196434733178083,0.7442679610107826,0.7809501096821841
8,104,564867533.4831282,0.08386462477025802,0.5470997422664696,0.5909392547737348,0.6246694394787246,0.9950020440600084,563548581.8887105,0.08386462477025802,0.5470997422664696,0.5909392547737348,0.6253361873163938,0.9950020440600084,566448138.3501697,0.08386462477025802,0.5571264675345174,0.6207960840859467,0.6243930930597962,0.9950020440600084
8,105,5803.971596615414,0.15960501897013502,0.7049525509955088,0.709912483516131,0.7443187444863534,0.9776907255507883,12399.506598603017,0.15960501897013502,0.7049525509955088,0.709912483516131,0.7443187444863534,0.9776907255507883,5470.394807710049,0.15960501897013502,0.7084215995506495,0.7100024351482708,0.7153310712376663,0.9776907255507883
8,106,4457042817.735391,0.033814620503101134,0.18648990024790182,0.3886461626122006,0.41039708788693435,0.9821889759962343,4457043367.9377165,0.033814620503101134,0.18648990024790182,0.3886461626122006,0.41746853755056607,0.9821889759962343,4072260037.620775,0.033814620503101134,0.20028619263893696,0.38894585377564217,0.41606096133701864,0.9821889759962343
8,107,11505.419169482466,0.09231449665710745,0.36667400088675184,0.39870769835729275,0.5099601503626279,0.7788463980871979,38207.84813658988,0.09231449665710745,0.3657133477941501,0.3954925889245846,0.506918272258518,0.7788463980871979,10224.526602236243,0.09231449665710745,0.3667484414722191,0.4023430132334597,0.5094395306566039,0.7788463980871979
8,108,3594.2903484336102,0.15057132314934452,0.16527253611723663,0.7016680024832699,0.7895016631206517,0.8689400097454801,8465.526404602086,0.15057132314934452,0.2379052441059551,0.7104314905647223,0.8075879211224702,0.8689400097454801,4310.6649197505985,0.15057132314934452,0.16746729019419082,0.6740243074212844,0.7957459379243095,0.8689400097454801
8,109,716106.8539920453,0.1720359341660238,0.3084723076901938,0.896634813755229,0.9475445466305222,0.9983297968923562,1653642.8988384947,0.1720359341660238,0.3149783179791731,0.896634813755229,0.9475445466305222,0.9983297968923562,588819.4745159101,0.1720359341660238,0.3243205813879541,0.8966709809522134,0.8998655629206033,0.9983297968923562
8,110,237.8363949010392,0.060900467968628025,0.1872982647416833,0.41695762314646234,0.6875659750573155,0.7354829304872378,348.8146578107729,0.060900467968628025,0.18323819336547756,0.4165233039321371,0.6871138299055111,0.7354829304872378,214.5948260886163,0.060900467968628025,0.19420783701902136,0.4354456654115356,0.6857789961955899,0.7354829304872378
8,111,7057.995564249124,0.03647405796669889,0.40556914565848723,0.47459819763950384,0.5450223961121828,0.8426202296238906,34837.7783921097,0.03647405796669889,0.4030029029423795,0.49521290545780616,0.5483329731422051,0.8426202296238906,7984.982941423711,0.03647405796669889,0.4024230988426232,0.4722699136351819,0.5379215428830696,0.8426202296238906
8,112,801.0171829482082,0.05911794150886829,0.27501340190550017,0.29789740484604854,0.5741959436693996,0.743317630389971,10778.026302225759,0.05911794150886829,0.2748593526752212,0.2993775186623078,0.5828360837682807,0.743317630389971,826.3116864375407,0.05911794150886829,0.2736672605702073,0.2914887574474952,0.5857834177789885,0.743317630389971
8,113,249203.98808600556,0.059557213360869055,0.2039689384664587,0.6495376046955269,0.8374660444374331,0.8846080697201425,223926.46524626366,0.059557213360869055,0.2073419591067102,0.6482034791970979,0.8354724294467454,0.8846080697201425,252652.13605884134,0.059557213360869055,0.19811300103332102,0.6495376046955269,0.840470335555352,0.8846080697201425
8,114,113393.67631527956,0.003111427799417976,0.3747387613330726,0.5281740729139521,0.5329192248534601,0.6588534030074642,290803.1791704859,0.003111427799417976,0.3441314802771075,0.5235327538627066,0.5270520896160588,0.6588534030074642,186512.032586969,0.003111427799417976,0.377596922531831,0.5303832941529978,0.5492532857480426,0.6588534030074642
8,115,246055194416.4565,0.02849765044493291,0.0296762128441855,0.06739903733957864,0.2313940926360212,0.6106975844328644,241475980803.12033,0.02849765044493291,0.042115333867381366,0.06896534138713876,0.2392134536100931,0.6106975844328644,257491079981.14117,0.02849765044493291,0.0296762128441855,0.06683368458288338,0.23683596156842973,0.6106975844328644
8,116,14693.705015569358,0.0792997262209455,0.27838112021053235,0.5241951986426703,0.7991912575326882,0.8631659927502271,44456.088400669956,0.0792997262209455,0.2772856563544453,0.526043881447104,0.735848077000598,0.8631659927502271,19095.522205977606,0.0792997262209455,0.278403735944294,0.5351831129421196,0.7991912575326882,0.8631659927502271
8,117,151.4773624818719,0.23940464313533916,0.3567681500732079,0.408621452803015,0.5640806055639952,0.7658914724695551,452.6995067806594,0.23940464313533916,0.35890553703789363,0.4217634259144635,0.5558491225231096,0.7658914724695551,157.21136867068827,0.23940464313533916,0.3581937353539149,0.40563023661642916,0.562419014238581,0.7658914724695551
8,118,93198.95549467912,0.06157503094009453,0.0832107450036347,0.6129632307755148,0.7144728455932986,0.8457750184659348,163960.52452065563,0.06157503094009453,0.08967932825015051,0.6878746248899378,0.7044576256666097,0.8457750184659348,78739.77379601511,0.06157503094009453,0.12857609599030329,0.6821773751924455,0.7152059355474029,0.8457750184659348
8,119,2128.9536266647615,0.07087244343264998,0.48158463484434005,0.5803823463954976,0.5986191959134534,0.6935815332932803,45556.358392208414,0.07087244343264998,0.47645607887329866,0.5803823463954976,0.6165329928347196,0.6935815332932803,2111.3265085736675,0.07087244343264998,0.4743058742869871,0.5812144433260878,0.6026074633552774,0.6935815332932803
8,120,2148705.956836401,0.07663914982707554,0.3176999309110705,0.4605308165939475,0.6112644946756977,0.9551900188256799,7263782.348766838,0.07663914982707554,0.3515472724759715,0.4627108279070786,0.6114633232628321,0.9551900188256799,2289808.558911486,0.07663914982707554,0.27902411914951586,0.4582377352353877,0.6108373121865378,0.9551900188256799
8,121,3734705.275752597,0.038674737948772075,0.7307974240842531,0.9550628879475875,0.9712672379946365,0.972348909847363,8737625.656686738,0.038674737948772075,0.6272331725143272,0.9436384587908546,0.9523865705173288,0.972348909847363,4258400.230085785,0.038674737948772075,0.7425753766638519,0.9550628879475875,0.9712672379946365,0.972348909847363
8,122,600747.1847565463,0.016473189305452718,0.5714803787553095,0.5984946392942466,0.6537590495876013,0.7887086855085332,913740.8751190691,0.016473189305452718,0.5393401089606793,0.5954738799011456,0.6530025592095581,0.7887086855085332,659560.8081665117,0.016473189305452718,0.5702432045782383,0.5953312818390676,0.6529660524314668,0.7887086855085332
8,123,842.8955649686058,0.07599297710233699,0.3618699429206022,0.39177756574588535,0.537173918996176,0.844877208880975,6431.049224416974,0.07599297710233699,0.3592638107409274,0.39546093321906417,0.5358343094818283,0.844877208880975,1127.3953317714036,0.07599297710233699,0.36049223404243413,0.3904671107618132,0.5259625434470612,0.844877208880975
8,124,3364709.744016186,0.07727729091964164,0.43337415168083426,0.8240058205090242,0.8890972942871673,0.9991471147416994,3381548.337767824,0.07727729091964164,0.43337415168083426,0.8240058205090242,0.8879947982638583,0.9991471147416994,3311060.0547105963,0.07727729091964164,0.41807683351021774,0.8138007324001995,0.8973712747542131,0.9991471147416994
8,125,2338.605483320467,0.14744423387444727,0.38079290597802895,0.3966031087508015,0.8568555800456685,0.8963797631306073,6522.918002322847,0.14744423387444727,0.38445734195721437,0.39288771942421763,0.8454491058424162,0.8963797631306073,2101.8536192549323,0.14744423387444727,0.38072264946101103,0.3971813158159796,0.8051575583764803,0.8963797631306073
8,126,174141.4261618817,0.2553159398235454,0.7557987409816234,0.7756217518994732,0.7852766123213303,0.9099562868063975,336624.1340045277,0.2553159398235454,0.7560451331296978,0.7735191356452058,0.7917965642868615,0.9099562868063975,177823.44920778077,0.2553159398235454,0.7548316926312366,0.7679065457661925,0.7784761791482198,0.9099562868063975
8,127,22563.86777512869,0.14977192491375313,0.3695841844441724,0.7611666751137092,0.8420902504571484,0.8474920563559865,47033.447107512424,0.14977192491375313,0.371547328797839,0.7496680493621655,0.7910436386494135,0.8474920563559865,23412.44972719271,0.14977192491375313,0.36805009172216935,0.7611666751137092,0.8420902504571484,0.8474920563559865
8,128,119745.6578341866,0.16077782629343151,0.18663254465381057,0.20800219273593662,0.8036257152488799,0.9858487369262559,252021.18779712068,0.16077782629343151,0.18663254465381057,0.21929799737128042,0.83704969139748,0.9858487369262559,125755.0254233293,0.16077782629343151,0.20284897861253343,0.2057152831531001,0.8277652057442727,0.9858487369262559
8,129,34398.96086144004,0.09821008316104618,0.10216689995556691,0.31979045709602466,0.4702832036988149,0.9848716760469101,45967.0068331018,0.09821008316104618,0.11073508386726756,0.32269418210973483,0.46989840181928655,0.9848716760469101,34346.33804553586,0.09821008316104618,0.10216689995556691,0.3125458651500497,0.4698372972178849,0.9848716760469101
8,130,580862702731.3207,0.07058911658392053,0.09898499652190712,0.21098765134817318,0.37641013840133564,0.7917284111076772,580862516196.1289,0.07058911658392053,0.10176410239946132,0.20460528621344753,0.3859316334684877,0.7917284111076772,581861996417.3275,0.07058911658392053,0.12185780569095031,0.21461352463453975,0.3742100569304874,0.7917284111076772
8,131,7453.4744667244,0.06676259708720333,0.44668791605312264,0.6991837550575393,0.7705923232116522,0.959908500368002,7044.200901996152,0.06676259708720333,0.43841050513115304,0.6858837150032995,0.7704789757599336,0.959908500368002,1949.737642125018,0.06676259708720333,0.46144017193419845,0.7048213409994186,0.7696213401655151,0.959908500368002
8,132,315791.09810838563,0.13748039230554632,0.2775363485793456,0.3198346871538268,0.7075445010105449,0.8994743647265102,947413.3646156113,0.13748039230554632,0.28122121301632447,0.34646238150077413,0.6857434165972173,0.8994743647265102,320651.4577007853,0.13748039230554632,0.27587259700735245,0.3224876141613471,0.6492432610859693,0.8994743647265102
8,133,61080.602935684044,0.01703795281737075,0.11317831536608076,0.3651432523285846,0.6084329812691265,0.9511463862000555,276727.7750779853,0.01703795281737075,0.1548098542925784,0.37143281314474513,0.6084329812691265,0.9511463862000555,51833.877209509716,0.01703795281737075,0.1852892913833214,0.38886943401589713,0.7102010711684201,0.9511463862000555
8,134,669063.8465612371,0.08113253263272868,0.4272127839216806,0.4569344167781514,0.5639673074270282,0.8952330393183494,716977.926313347,0.08113253263272868,0.4272127839216806,0.4569344167781514,0.5639673074270282,0.8952330393183494,605909.929002211,0.08113253263272868,0.4372241025372337,0.44532724233500093,0.46420461780644956,0.8952330393183494
8,135,22006.616343187397,0.3058872968257814,0.3611308059892874,0.7697645572480428,0.8194603449297178,0.9535799387760702,50546.78335937293,0.3058872968257814,0.36257425189819215,0.7653969843756899,0.8219778610122019,0.9535799387760702,22639.797826911854,0.3058872968257814,0.36290730434451207,0.778511839597233,0.8237460862682924,0.9535799387760702
8,136,85730.67903400083,0.1379759410971857,0.3611000746518406,0.900162008235588,0.9444200685971489,0.9459973913167413,186298.7744860824,0.1379759410971857,0.37411710502423656,0.9067647273540126,0.9351094271378246,0.9459973913167413,92499.2363085339,0.1379759410971857,0.3437683122506119,0.9015052081612669,0.9444200685971489,0.9459973913167413
8,137,10136.454724457197,0.1689305720976647,0.6245611135505147,0.811627448674205,0.8513921902407852,0.9270558145248087,94492.5957226249,0.1689305720976647,0.661941015364029,0.811627448674205,0.8513921902407852,0.9270558145248087,13135.0240585901,0.1689305720976647,0.5963233451449108,0.8478160028583108,0.8632345835144324,0.9270558145248087
8,138,93725.39128288053,0.036689613601371684,0.2568597543872672,0.5500270861257668,0.7698304945710364,0.8977746984549354,278418.0727776182,0.036689613601371684,0.25889695003239604,0.5587581693496795,0.7704311566924695,0.8977746984549354,89953.99739871781,0.036689613601371684,0.2805150475029873,0.5487022731341772,0.765193240393758,0.8977746984549354
8,139,24402.06644709009,0.21313866744938426,0.469749338102461,0.6406064826081255,0.737986489277911,0.9849014717839024,109592.4518763906,0.21313866744938426,0.45638271521939483,0.6371533514972048,0.7247469650803072,0.9849014717839024,24834.442286386402,0.21313866744938426,0.4731948484014554,0.6435470056109309,0.7336184534216893,0.9849014717839024
8,140,417.8368521924727,0.21857376018298347,0.5506792893312253,0.7902215504961525,0.9662577795378855,0.9733159354649978,1746.152652180109,0.21857376018298347,0.5490557160940376,0.781837320970786,0.9662577795378855,0.9733159354649978,362.95035148951234,0.21857376018298347,0.5558410376473999,0.820026200647545,0.9624340068731772,0.9733159354649978
8,141,131004.53439439392,0.06560607488236914,0.17162789481368276,0.31476892241871507,0.4630884790607833,0.8590555142260229,254614.6272449251,0.06560607488236914,0.22086307743857958,0.3168795270534631,0.45357088047112515,0.8590555142260229,153572.10565486472,0.06560607488236914,0.1792176744808479,0.3142043057858184,0.4668610789130208,0.8590555142260229
8,142,540336232.9851943,0.2771104746593255,0.2817881111932419,0.7363443117706143,0.7648149352485893,0.8737326161213573,578286153.422992,0.2771104746593255,0.2824500645975647,0.5927050984007368,0.7621243252016183,0.8737326161213573,576820643.4249992,0.2771104746593255,0.2817881111932419,0.5927050984007368,0.7638532077933011,0.8737326161213573
8,143,3086.3271652609083,0.3140998292274012,0.6854156844869919,0.6915616605182644,0.8294984343793136,0.9298529172207,5961.597836946477,0.3140998292274012,0.6841506751509315,0.6909617999571023,0.8303740739395812,0.9298529172207,3074.534354687734,0.3140998292274012,0.6845473114270795,0.6915330279209633,0.8264111267507144,0.9298529172207
8,144,8170.522363677225,0.014626164602702607,0.20521637861437558,0.6489090722374149,0.6886230062818267,0.9474266742049898,42163.263209526376,0.014626164602702607,0.21742778806422264,0.6452485075369154,0.6722695210365388,0.9474266742049898,9698.290450022949,0.014626164602702607,0.20606839322861473,0.6491408568058809,0.7146873034735604,0.9474266742049898
8,145,31642238.090118013,0.0382462630962106,0.17619684256578133,0.2129255849880295,0.6634225080368157,0.933991937368439,84503713.04000439,0.0382462630962106,0.17619684256578133,0.18900544997641705,0.6733307266331432,0.933991937368439,31002657.593914356,0.0382462630962106,0.17619684256578133,0.17956484998467992,0.6634225080368157,0.933991937368439
8,146,177824.66150438372,0.24668371393720856,0.6242085377136265,0.753218540560197,0.9914784651498004,0.9995567114779479,474934.7036889684,0.24668371393720856,0.6299230985758604,0.778786680062058,0.9739091478538292,0.9995567114779479,158051.33184280517,0.24668371393720856,0.623711117889401,0.7574223208403821,0.9914784651498004,0.9995567114779479
8,147,4743.0079201185,0.08161811989036383,0.1803897008670874,0.44119225730732925,0.8281341581478028,0.9291211749687287,5515.23086027213,0.08161811989036383,0.1771946950911863,0.4785107700637511,0.8076237657701286,0.9291211749687287,3166.559426136375,0.08161811989036383,0.18123212720672507,0.45071440977894944,0.8191348796716114,0.9291211749687287
8,148,6757271930.924473,0.17924059718353302,0.31036443684291587,0.44827583303097673,0.5596735673910227,0.9732532400758214,17298088260.577457,0.17924059718353302,0.3132406522220986,0.4600312563622203,0.5714177065229641,0.9732532400758214,6743147746.823732,0.17924059718353302,0.30921904208502116,0.4867897664664029,0.5584748373288365,0.9732532400758214
8,149,10189148.770130696,0.24578002311473368,0.27286746734069417,0.3080900084785439,0.3089369510576061,0.9472103369992532,9891800.709356355,0.24578002311473368,0.27343789050030853,0.30797998771642987,0.31103840827434037,0.9472103369992532,10190930.782831168,0.24578002311473368,0.2698121053000292,0.30797741888704466,0.3082747124105277,0.9472103369992532
8,150,3136.442781540116,0.4505046947537338,0.4600274436919319,0.8186546796449232,0.8456242926565956,0.9206543064892366,5086.992536529841,0.4505046947537338,0.4598614335879906,0.8186546796449232,0.8456242926565956,0.9206543064892366,1991.333678973109,0.4505046947537338,0.4600274436919319,0.833942573124641,0.8378406768454665,0.9206543064892366
8,151,886267.812361467,0.0713945304175656,0.07520454632844092,0.19307438259523446,0.4698990029590044,0.8215111100206365,2313883.0158129795,0.0713945304175656,0.15901441199301095,0.25183601183674087,0.4698990029590044,0.8215111100206365,993445.6738328997,0.0713945304175656,0.07520454632844092,0.19307438259523446,0.4698990029590044,0.8215111100206365
8,152,1335683.6932837996,1.4735641223229123e-05,0.15444466905559123,0.3463083669901319,0.36315386855635184,0.8979677007489453,3896171.7211509002,1.4735641223229123e-05,0.15286929646032243,0.3463083669901319,0.36315386855635184,0.8979677007489453,1280459.985083518,1.4735641223229123e-05,0.15421445101561163,0.34715643055229584,0.3539765079246594,0.8979677007489453
8,153,7240831.244372081,0.03723456372040923,0.5670718195292388,0.5950457203866368,0.8413365075624158,0.9950077082622059,21837264.85052114,0.03723456372040923,0.5653292132423944,0.5894852914099609,0.8406951255840389,0.9950077082622059,7070371.919279926,0.03723456372040923,0.5653098898296296,0.5951879551783363,0.8318308193563153,0.9950077082622059
8,154,18212.019424731967,0.1601294952423553,0.27529188725992804,0.34518236113283307,0.4737612750589271,0.7789665234563304,18048.291187910476,0.1601294952423553,0.27529188725992804,0.34518236113283307,0.46949476463571915,0.7789665234563304,15764.162582818793,0.1601294952423553,0.2772625570024898,0.2875011050897027,0.47941321825554445,0.7789665234563304
8,155,12417.493261268135,0.011930520625398344,0.3499303674024319,0.6429747356545392,0.6635579309547972,0.6795030022609782,13585.734846315783,0.011930520625398344,0.34431739210789203,0.6450604912102469,0.6625050904136064,0.6795030022609782,3404.0125686009214,0.011930520625398344,0.34699008219496924,0.6460917100409707,0.6625050904136064,0.6795030022609782
8,156,167707.96285718438,0.11191513689147248,0.2612386696930095,0.36209685267833647,0.8078526213304484,0.8111285807496896,213829.54827770192,0.11191513689147248,0.26115164545083625,0.35894517105327595,0.8039594628453679,0.8111285807496896,182433.54652704357,0.11191513689147248,0.2603046925076879,0.36771229989367216,0.8078526213304484,0.8111285807496896
8,157,16068.012639185976,0.06427939606252442,0.4181006662326339,0.5597927334798226,0.6009498862948105,0.7042799146622991,17245.9278576564,0.06427939606252442,0.4212117290977433,0.5757636848133003,0.602493794165731,0.7042799146622991,15888.753822587523,0.06427939606252442,0.41288524206942456,0.5563751863674767,0.6009850035672508,0.7042799146622991
8,158,1045.325340521467,0.019455966537154534,0.4359982516216191,0.5891307257052623,0.8160184058527773,0.9831614899233475,2727.431202955563,0.019455966537154534,0.431831662337498,0.5880403064577996,0.8166621079337226,0.9831614899233475,2021.7511128664682,0.019455966537154534,0.43770903567786357,0.5990311087709788,0.8172770407832582,0.9831614899233475
8,159,6463.657212056683,0.15207132939240386,0.3213839585560823,0.3335344134123477,0.5295537422997207,0.7760258646787725,12360.120427722764,0.15207132939240386,0.32684710685489743,0.3396447085661287,0.477716984635026,0.7760258646787725,5537.008393176747,0.15207132939240386,0.3280412757456883,0.3364632878841126,0.5306707978595528,0.7760258646787725
8,160,330.2695093349548,0.298335485788332,0.6427771930635269,0.7820813064467014,0.8459994216152529,0.9577976102151531,1591.3229805410067,0.298335485788332,0.6467536088149185,0.7936343810282809,0.8505339715790003,0.9577976102151531,543.0827306154991,0.298335485788332,0.6287606973527292,0.7786061014016692,0.8462642034766447,0.9577976102151531
8,161,1841.8115610903542,0.2216722830776272,0.4747786916399261,0.5236045048317295,0.5844508882534202,0.9104251051709668,2523.1992025532613,0.2216722830776272,0.4798490450041094,0.5236045048317295,0.5844508882534202,0.9104251051709668,547.7987846346408,0.2216722830776272,0.4845116884768073,0.5246753306745474,0.5445128689982989,0.9104251051709668
8,162,148109.8299418354,0.004893735967281265,0.024937407332068,0.4559214447786847,0.5545839718968015,0.9266108012080159,135347.06318361004,0.004893735967281265,0.01743143442371791,0.4842428984125095,0.509561022403439,0.9266108012080159,93982.44482435804,0.004893735967281265,0.025170674026927596,0.4559214447786847,0.5545839718968015,0.9266108012080159
8,163,1715955.3319724016,0.10525083499867893,0.45351359135414737,0.6082757140701176,0.7676467570990553,0.8825575030343812,1725834.0845444314,0.10525083499867893,0.44885043710597455,0.6220221617889097,0.7676272536530926,0.8825575030343812,1705097.9864855858,0.10525083499867893,0.46306978408264976,0.5843399939102484,0.7676653184270628,0.8825575030343812
8,164,3017.393893926809,0.0492341026198333,0.22468574016578835,0.6153759067584337,0.7441667681487796,0.956439510730042,32370.504950770195,0.0492341026198333,0.24458813141395458,0.6404516609314723,0.7886774333876256,0.956439510730042,6214.356580636758,0.0492341026198333,0.2401904567241168,0.6217367941616947,0.741100544723439,0.956439510730042
8,165,490053.5298550365,0.004103950931520939,0.24409034416609535,0.3088862404242686,0.3943276864576321,0.9898472638587116,2937093.8207000974,0.004103950931520939,0.23062052833923827,0.28958226558102784,0.3943276864576321,0.9898472638587116,600147.853603566,0.004103950931520939,0.24689539023779591,0.31346592505345494,0.3976208695903536,0.9898472638587116
8,166,371.2060715922704,0.08313237012638952,0.10869286120642394,0.644244416315805,0.7592204470461774,0.8855495504015941,1392.5043749533936,0.08313237012638952,0.10861575833516585,0.6711426875746926,0.7533837720247719,0.8855495504015941,402.1537232893681,0.08313237012638952,0.10915419801730564,0.6421748433812811,0.7549114516563831,0.8855495504015941
8,167,446240016.0399421,0.16483780239687784,0.6101080310233135,0.620925652053653,0.8519537250711101,0.9496256044183564,1177858378.2092018,0.16483780239687784,0.6101080310233135,0.620925652053653,0.8464632302618509,0.9496256044183564,433672313.3489638,0.16483780239687784,0.6101080310233135,0.620925652053653,0.8516946229953217,0.9496256044183564
8,168,351648.5807558309,0.050094720686129746,0.4683713948894411,0.5329843935173477,0.9444092388814229,0.9485270193800498,480549.3602757718,0.050094720686129746,0.4683713948894411,0.5329843935173477,0.9406941229306123,0.9485270193800498,363685.75799148966,0.050094720686129746,0.47423053481647803,0.5330139385816415,0.9444092388814229,0.9485270193800498
8,169,26707.026798682695,0.04471331118176036,0.15544125182005802,0.2020039017377921,0.2185856021128392,0.6690863893232192,36201.492988395075,0.04471331118176036,0.15544125182005802,0.2020039017377921,0.2185856021128392,0.6690863893232192,25841.199800177426,0.04471331118176036,0.17985874970676444,0.21644103070928,0.2174994976219058,0.6690863893232192
8,170,6048.833350673796,0.037984463723921724,0.4207891716156206,0.4304688362345026,0.745977417830765,0.7623798238844149,10793.670136139408,0.037984463723921724,0.40737472006493863,0.4382690471116747,0.729130272182491,0.7623798238844149,6592.3378992909475,0.037984463723921724,0.42302948290571846,0.4300756094686637,0.745977417830765,0.7623798238844149
8,171,63.21312894334904,0.13421509922026365,0.2723778409585565,0.3329629065900058,0.40891081707831156,0.6552196609649149,223.82777588961548,0.13421509922026365,0.2718817080676798,0.3321050947986175,0.41286273845186655,0.6552196609649149,67.24857874512878,0.13421509922026365,0.27694686571773475,0.33691548592694437,0.39897635558915306,0.6552196609649149
8,172,1801954.0974227046,0.019803644251678687,0.7444713006678483,0.8800513587200316,0.9691311688516233,0.9748902987599074,2978056.712378819,0.019803644251678687,0.7954944684754539,0.8540637662950195,0.9705907897148816,0.9748902987599074,1972450.9726783743,0.019803644251678687,0.7207551325561372,0.8522637056683803,0.968993016698948,0.9748902987599074
8,173,194845.1130942788,0.2757188269515205,0.760380987693642,0.9075983316385696,0.916928318204275,0.9854105956632765,347655.7609356523,0.2757188269515205,0.7585603437884553,0.9075892470147924,0.9160526407157028,0.9854105956632765,235980.99512238876,0.2757188269515205,0.7585592179422769,0.9076128298327252,0.9219309627750213,0.9854105956632765
8,174,5574064.993215668,0.15787494959897153,0.20274145914837455,0.7206917412840265,0.8189815649524681,0.9621541472579027,5572988.022912943,0.15787494959897153,0.20425402310526433,0.7206917412840265,0.8142182163198461,0.9621541472579027,5405998.252536496,0.15787494959897153,0.20433708554047858,0.749253700588461,0.806403965762203,0.9621541472579027
8,175,1454656284.3115327,0.1863345938758414,0.7269821157751712,0.7547681032992815,0.878074035523809,0.9582290672220494,1580534365.004376,0.1863345938758414,0.6175495800040642,0.7572501064524784,0.8114640350077755,0.9582290672220494,1505038272.8465354,0.1863345938758414,0.7160909297112334,0.7582675265295842,0.7625089013140061,0.9582290672220494
8,176,18063.89906252527,0.09764862128022167,0.12742129153014117,0.1691665958015559,0.2559920364318894,0.9045334702986563,25912.284589306644,0.09764862128022167,0.1346738638318958,0.17045568226291663,0.2785901203236454,0.9045334702986563,22580.58615550182,0.09764862128022167,0.12088890587726109,0.1702581357777318,0.2587188874460252,0.9045334702986563
8,177,730.1282330221031,0.0669388468490032,0.06888551577053384,0.2721997784400205,0.30081457905660386,0.6990813658275021,3293.495708316096,0.0669388468490032,0.07405789072851983,0.2265813771277154,0.295506758354855,0.6990813658275021,755.4110234206057,0.0669388468490032,0.06888551577053384,0.2724922949837626,0.3045557343818889,0.6990813658275021
8,178,985.5567517117332,0.060405002710567146,0.08457125225703332,0.10483582476575977,0.3740199432923861,0.8325528445838308,2207.570872495189,0.060405002710567146,0.09341628884749639,0.15645489735051565,0.3723393172866354,0.8325528445838308,1294.912808431992,0.060405002710567146,0.08085585319141807,0.10482618309660324,0.3789350408250021,0.8325528445838308
8,179,867.7703034760668,0.15720989124696227,0.34796810875536427,0.5012232829311556,0.5808436714887077,0.7533201708056132,1967.6541766779633,0.15720989124696227,0.34208356658166966,0.49802049233837886,0.5769711536614957,0.7533201708056132,726.128752443459,0.15720989124696227,0.34939013437396843,0.5037859022712495,0.5822312185012237,0.7533201708056132
8,180,1171.4552236047753,0.04029168538104089,0.3981282807610069,0.5263587357886252,0.6670731878753644,0.9439676985073636,3153.2005123533418,0.04029168538104089,0.3961206317947348,0.5262912332581908,0.6649604986369154,0.9439676985073636,2683.3535407729764,0.04029168538104089,0.3526159547206097,0.5263140375858538,0.6674822721935397,0.9439676985073636
8,181,1845107.7164583306,0.05924472995339769,0.23778131976351397,0.7530425510071971,0.7952626587168697,0.8224473865708363,4004501.057151954,0.05924472995339769,0.23778131976351397,0.7530425510071971,0.7952626587168697,0.8224473865708363,1647059.6978710515,0.05924472995339769,0.2485711425215335,0.7709877803553462,0.7775083892586172,0.8224473865708363
8,182,46.72260237534235,0.26266972375813935,0.4537672384393556,0.6237884173869443,0.7339642989264693,0.8337986632794924,118.08316963582503,0.26266972375813935,0.4579421400935365,0.6245119286522947,0.7352285612580509,0.8337986632794924,85.24593148591283,0.26266972375813935,0.4408544585024671,0.6228832307544204,0.7313062014866722,0.8337986632794924
8,183,11022.462262070068,0.030716827158115412,0.044374042856470175,0.40061241680794346,0.4309768585558423,0.8790536225255731,16029.224223781152,0.030716827158115412,0.07385404009904366,0.40061241680794346,0.4309768585558423,0.8790536225255731,9402.480819325127,0.030716827158115412,0.044374042856470175,0.4187786570633808,0.4302617886336807,0.8790536225255731
8,184,259197.37506170027,0.2987654088941575,0.805919666076812,0.8201743182421266,0.8396386008656591,0.986469534153298,764981.5956311644,0.2987654088941575,0.7857809019488866,0.8222296152512267,0.8421807841313479,0.986469534153298,257587.42402361962,0.2987654088941575,0.7975973455354269,0.820431377856731,0.8395186057152642,0.986469534153298
8,185,19199507.122463044,0.16313307505596142,0.1676306811243895,0.18344386881060337,0.5138742106946261,0.950293360709693,19198483.193437967,0.16313307505596142,0.1676306811243895,0.18572673668833273,0.5214675686280572,0.950293360709693,19477994.73733651,0.16313307505596142,0.1689205644342576,0.1876503422117396,0.5201753228322203,0.950293360709693
8,186,7453712.5452174675,0.11435774453572045,0.3731201957503156,0.8189273891664703,0.8515800558327916,0.9193800691876032,7218056.896189389,0.11435774453572045,0.3914230950564548,0.8189273891664703,0.8515800558327916,0.9193800691876032,7395445.24752836,0.11435774453572045,0.3731201957503156,0.8317563364908298,0.8371073237363018,0.9193800691876032
8,187,771640205.9609655,0.06305193662896658,0.8292142545992777,0.8866479287022692,0.911684733287727,0.962225455897401,766684199.9566225,0.06305193662896658,0.8341188506391233,0.8825259869926154,0.9103174950013868,0.962225455897401,768140943.8538917,0.06305193662896658,0.8340841781459133,0.8797122337633141,0.914983326251697,0.962225455897401
8,188,1901.438570668577,0.05058622943767621,0.5043666573001299,0.6056643988624459,0.7351493304970931,0.8876477976271291,4041.9618243608093,0.05058622943767621,0.5051219896946575,0.602313957474103,0.7410297576937525,0.8876477976271291,1593.072977457099,0.05058622943767621,0.5006288197880722,0.6061502707973148,0.734540279476848,0.8876477976271291
8,189,28737.09255449724,0.10083097635711336,0.19768267011458313,0.4296398367886938,0.7454828066777687,0.9588163237294849,20164.09656162482,0.10083097635711336,0.19829416913726788,0.4296398367886938,0.7529208548543835,0.9588163237294849,11839.954392262416,0.10083097635711336,0.20086643983162455,0.4303834810246967,0.7447927123224785,0.9588163237294849
8,190,6040215.448983316,0.09889547343104788,0.555788112146612,0.5614447090241212,0.6505136356219685,0.8007360706815828,18238541.513637207,0.09889547343104788,0.5573667947003863,0.5614447090241212,0.6472242314716383,0.8007360706815828,6331458.127123215,0.09889547343104788,0.5559718477001216,0.5614447090241212,0.6543608657340405,0.8007360706815828
8,191,4534.385030311129,0.19271440248457927,0.20732585423219746,0.3499781914311926,0.6447455781155578,0.9539939642907295,5095.102282141618,0.19271440248457927,0.2010095281413365,0.3551041523442219,0.6657905530816627,0.9539939642907295,1482.4907126306482,0.19271440248457927,0.20818571937044106,0.3482894289922386,0.629389537900882,0.9539939642907295
8,192,40677.83730656129,0.09600786610972711,0.09933319905798692,0.4144989922250848,0.8444882868568645,0.9035516950005247,163225.61224417164,0.09600786610972711,0.10682071763392968,0.417714919805551,0.8441919297335588,0.9035516950005247,78393.4096301363,0.09600786610972711,0.09933319905798692,0.4173091910478327,0.8228114114705345,0.9035516950005247
8,193,31918.323128894484,0.1986296965544152,0.2518507447585274,0.5537997357616145,0.5859222796522154,0.5880377940390317,38770.425828736785,0.1986296965544152,0.24133152505673938,0.5534008377470685,0.5814332430203814,0.5880377940390317,32565.727775244966,0.1986296965544152,0.26022721212959327,0.5537997357616145,0.5859222796522154,0.5880377940390317
8,194,16120.485441522564,0.04987925135341964,0.09912852841505496,0.3457787615915239,0.4534107759728493,0.8415353242774308,243301.63951025635,0.04987925135341964,0.11496007104920225,0.34259853714348,0.49503661992113246,0.8415353242774308,16889.371438271908,0.04987925135341964,0.089014535746587,0.34677572938236045,0.456115584264798,0.8415353242774308
8,195,36523.29491773434,0.02328976082644585,0.3769487648224072,0.4037515105856746,0.6732317058286146,0.7871706858416694,121864.87719836594,0.02328976082644585,0.3815295585489995,0.43779341586860165,0.6462735954469723,0.7871706858416694,48300.85299511228,0.02328976082644585,0.3706709415291984,0.40687625274513617,0.6621873216043288,0.7871706858416694
8,196,2845596.2956012697,0.036592968376942925,0.059539167117830596,0.4010437341108358,0.4772227856253677,0.9550425863404193,7892649.95469484,0.036592968376942925,0.12074471519508906,0.4010437341108358,0.4772227856253677,0.9550425863404193,2203929.323489093,0.036592968376942925,0.059539167117830596,0.45010285543769313,0.4871173875345222,0.9550425863404193
8,197,354030.81530421897,0.08497758427021063,0.08501657468601773,0.10979594764993879,0.38214347912832386,0.9087523887082016,618933.6892384106,0.08497758427021063,0.0855400633551418,0.11312495693206184,0.38214347912832386,0.9087523887082016,337833.2596785162,0.08497758427021063,0.08501657468601773,0.10968666515256854,0.38214347912832386,0.9087523887082016
8,198,262.2030510206264,0.024208512393120274,0.4369296905612974,0.6061717903673141,0.7874025759159096,0.9602040341605694,2214.7548706491034,0.024208512393120274,0.3721584390552356,0.6089411692226161,0.7615953294060553,0.9602040341605694,322.86231023928036,0.024208512393120274,0.45128987059620146,0.6058225610971878,0.7945606883730589,0.9602040341605694
8,199,5297.057849934615,0.03806405344067321,0.08321411033966722,0.11277676824982404,0.24069583247809442,0.9822335336975795,24467.129802256346,0.03806405344067321,0.07835073802404821,0.11277676824982404,0.25397334704017965,0.9822335336975795,4780.12953868846,0.03806405344067321,0.07835073802404821,0.11277676824982404,0.2471677765700374,0.9822335336975795
16,0,13601504.997970497,0.06314583274297503,0.3360647007232522,0.5119830692167591,0.8406025194460769,0.9765644701972694,13607583.944950916,0.06314583274297503,0.33711516929557,0.5119830692167591,0.8433898971116699,0.9765644701972694,11951107.026782617,0.06314583274297503,0.33711516929557,0.5145449865595688,0.838265331613608,0.9765644701972694
16,1,822676.7270036422,0.08171216186243557,0.21695245909661287,0.43037215841623644,0.6626141920097203,0.9817058942529036,663417.2233378073,0.08171216186243557,0.20673378096696907,0.39813098253350093,0.6224226094188594,0.9817058942529036,489949.7077765539,0.08171216186243557,0.2147080260268614,0.4231204016668294,0.6734715284081979,0.9817058942529036
16,2,97849635.17397572,0.08193903495497412,0.08308670780604419,0.28137144147523563,0.5989941810601771,0.8948941678269476,109084250.13290942,0.08193903495497412,0.08399251196602607,0.28137144147523563,0.5990393815276099,0.8948941678269476,94712687.6937104,0.08193903495497412,0.08308670780604419,0.29286389865171375,0.5990393149307298,0.8948941678269476
16,3,68197708.58162624,0.05016119589653034,0.3267830222024329,0.6691614433354316,0.8314668127231797,0.9574577959630344,57334121.93104364,0.05016119589653034,0.3267830222024329,0.6691614433354316,0.8331347236952059,0.9574577959630344,21576220.29268634,0.05016119589653034,0.3269961853819955,0.6653757724709499,0.8349286410676283,0.9574577959630344
16,4,14626.980147739825,0.25487297973850864,0.4066426064174976,0.6025929481416386,0.6937385045906074,0.966509718899663,174682.55922323753,0.25487297973850864,0.4068075897437731,0.6034755499153164,0.6952600952325861,0.966509718899663,16251.95034887574,0.25487297973850864,0.4067256069915627,0.6003397354978941,0.6968515923852534,0.966509718899663
16,5,137937.6005655332,0.06906844929718792,0.38903459185109834,0.43973131415510525,0.49751547253546724,0.8961898463218007,427004.7878052581,0.06906844929718792,0.3880127352543862,0.44595071775420203,0.4834741433582298,0.8961898463218007,144603.14028790363,0.06906844929718792,0.3880127352543862,0.44595071775420203,0.5050194452937984,0.8961898463218007
16,6,204698.6523369386,0.01040723458766657,0.08242084565918233,0.5931147838240736,0.7317356007204331,0.9590399467255295,233327.45192914116,0.01040723458766657,0.12391265776276862,0.5845622914812283,0.7367967312955674,0.9590399467255295,77063.4978137449,0.01040723458766657,0.09290499265096788,0.6005107506826733,0.7320462743235558,0.9590399467255295
16,7,332793976.298951,0.029659721912462356,0.3511766977236146,0.6730383581564625,0.8457610174600672,0.9941034532910294,294660528.62396884,0.029659721912462356,0.39613202632452194,0.6790322513698701,0.8407645024938838,0.9941034532910294,161351503.52071306,0.029659721912462356,0.41890429433063214,0.6835488937827245,0.8456214761990715,0.9941034532910294
16,8,1373974.0306432545,0.06948847826452997,0.23108885485923994,0.4817511646735885,0.8277230736593592,0.9712902094961026,1612796.6500604276,0.06948847826452997,0.23431996601809302,0.48073403949977234,0.8284707602426671,0.9712902094961026,1484888.9693655025,0.06948847826452997,0.2511630404985342,0.48166348342046517,0.8269512026949042,0.9712902094961026
16,9,1463740.3501207414,0.021352464697478646,0.1451150845149077,0.2655646236440724,0.7607996378591079,0.8308013312841089,6243256.590913478,0.021352464697478646,0.1549055259324341,0.2681290015679796,0.7573121166107492,0.8308013312841089,1265936.1230382205,0.021352464697478646,0.14027945241209774,0.26983178591540075,0.7634376983439803,0.8308013312841089
16,10,1384013.580798926,0.010326890676465972,0.37283101871248314,0.5619469955000296,0.6145929277382958,0.9751241833954075,3087541.7827684083,0.010326890676465972,0.3723294234878317,0.5619469955000296,0.6145929277382958,0.9751241833954075,1335822.9663188043,0.010326890676465972,0.3752072556894466,0.590432371022954,0.6145929277382958,0.9751241833954075
16,11,97786335.22085705,0.02538562209559836,0.2804623765610624,0.6486402617082592,0.678855003189454,0.9376491281122676,100585613.05626893,0.02538562209559836,0.2787088125967093,0.6422166354141061,0.678855003189454,0.9376491281122676,98290511.56610821,0.02538562209559836,0.2785300297473294,0.6422166354141061,0.6659839210772099,0.9376491281122676
16,12,345590.4697361035,0.01839247308589409,0.4423984941597619,0.49767200483508633,0.7553829036520527,0.8615688287166599,500379.3786795061,0.01839247308589409,0.4423984941597619,0.49745072839795923,0.7548410903451613,0.8615688287166599,349677.21404380794,0.01839247308589409,0.44509516124049536,0.4997101436164144,0.7591612459959007,0.8615688287166599
16,13,2884924.0714848363,0.0059382673236536565,0.37099001004877996,0.4942972644404753,0.702009996605065,0.9634582499925061,6107363.583696821,0.0059382673236536565,0.37099001004877996,0.510287801727511,0.7064335319064573,0.9634582499925061,2545036.381738846,0.0059382673236536565,0.3666264469065066,0.5039041123922015,0.7061671805556705,0.9634582499925061
16,14,3711014.2155508194,0.045674229942665345,0.474322132886363,0.5953191309061729,0.8712145074070042,0.886920906897645,8381736.318987453,0.045674229942665345,0.47728254618635524,0.5953191309061729,0.8703006177724827,0.886920906897645,4399805.283115111,0.045674229942665345,0.471570034510457,0.5923082318326511,0.8710313112505642,0.886920906897645
16,15,324085294.7243833,0.012265595177501143,0.2707991898050709,0.44783835972462727,0.6650639741116674,0.9903171051873539,336524305.9440428,0.012265595177501143,0.2707991898050709,0.450224822471977,0.6351787120599702,0.9903171051873539,315062040.786734,0.012265595177501143,0.26805572412198864,0.44816426996988645,0.6720845295054326,0.9903171051873539
16,16,91895.10370305846,0.01355437715358565,0.4521706190606375,0.4716113677024417,0.669808513053862,0.9056256185485542,298641.83208050724,0.01355437715358565,0.4521706190606375,0.4762003289973379,0.6710248038487148,0.9056256185485542,93273.20351865418,0.01355437715358565,0.45107847353609176,0.47678854489558775,0.666845931876543,0.9056256185485542
16,17,10892.129659646525,0.0030028059323099487,0.1963416242111712,0.5742909896101243,0.6613275477861722,0.9964298107704835,37883.882500548585,0.0030028059323099487,0.19963881469506609,0.5638815655407873,0.6621378072459666,0.9964298107704835,15081.6720323561,0.0030028059323099487,0.19550128922730986,0.5936543415610245,0.6585618581416597,0.9964298107704835
16,18,91342.49531765384,0.07802332171820081,0.36092283725919755,0.5379582187757158,0.7422926288984818,0.9071290613805696,71434.18765443531,0.07802332171820081,0.35927919772958467,0.5364982566314302,0.7447100233738569,0.9071290613805696,30979.837210398444,0.07802332171820081,0.36347519194466615,0.5432260728517644,0.7420029201240576,0.9071290613805696
16,19,24045.275095505145,0.0022830335433345894,0.35987488356268815,0.42206314860450905,0.47254483325210356,0.7982668679560371,326540.7903607911,0.0022830335433345894,0.3562368669593655,0.4187524521343274,0.4750024773244155,0.7982668679560371,31804.594827252975,0.0022830335433345894,0.3623319936009526,0.42156741752851123,0.47396288862176184,0.7982668679560371
16,20,1378255.9560329707,0.11452016448123559,0.4097651988509038,0.6526341440758633,0.6858030033723627,0.9311419448942357,1507308.4792281939,0.11452016448123559,0.41122692284337425,0.661144241741346,0.6966591403822957,0.9311419448942357,1328808.013191091,0.11452016448123559,0.41133205033333464,0.664353126772945,0.6842595844748465,0.9311419448942357
16,21,266162.71268818114,0.011457117665612415,0.22616511954016763,0.7236141699242822,0.888474881469748,0.9555068537184319,420930.715397284,0.011457117665612415,0.22730900655408948,0.7172696796520719,0.8763478960613147,0.9555068537184319,157116.2701805516,0.011457117665612415,0.22400086609292139,0.7233363205450027,0.8964320484490087,0.9555068537184319
16,22,47029.50269963979,0.06767658741978533,0.25905854623222696,0.4625936220802479,0.6190728199295586,0.944694590626003,62226.16302844483,0.06767658741978533,0.2598025767553635,0.46306000366587263,0.620077823438087,0.944694590626003,43432.244030841895,0.06767658741978533,0.2608851202368921,0.4625213347980798,0.6215676124305282,0.944694590626003
16,23,3016740831.731761,0.028867648512901578,0.07656774251507159,0.13875033061855876,0.5475730426537719,0.9838591750173211,3000310796.4538627,0.028867648512901578,0.0770253403235087,0.13875033061855876,0.5475730426537719,0.9838591750173211,3004568554.2749333,0.028867648512901578,0.07633098758879073,0.13875033061855876,0.547607568872071,0.9838591750173211
16,24,37638311.83550461,0.16134343381100658,0.3243638197460928,0.7222744174108781,0.8880061410730995,0.9357463826212251,177461215.33658287,0.16134343381100658,0.32879065308722977,0.7137101570469936,0.8880061410730995,0.9357463826212251,43266458.83236049,0.16134343381100658,0.3249266229681881,0.7290571379890087,0.8880061410730995,0.9357463826212251
16,25,33772.02274836596,0.08282180553447571,0.5783124863174232,0.5972790982407552,0.8372592816303666,0.974822973122944,44951.02839813736,0.08282180553447571,0.5829598509771143,0.5972602380136616,0.8373839689873432,0.974822973122944,23192.482334274868,0.08282180553447571,0.5771120948035131,0.5973375651411064,0.8372488472041746,0.974822973122944
16,26,120684.54816253367,0.03344915914819235,0.28309349899743674,0.5261539496249026,0.7064774500395085,0.9998092239926133,264319.6747217745,0.03344915914819235,0.26878320413231854,0.5319030466381609,0.7063088117473928,0.9998092239926133,149627.89392927932,0.03344915914819235,0.2759885772634072,0.5242733773882633,0.70638800134313,0.9998092239926133
16,27,5725.694109266714,0.019809383863823138,0.16906172004020464,0.433342836947572,0.8002153787244148,0.9768149350407795,33041.892112842754,0.019809383863823138,0.16911617197982143,0.43314448443346243,0.8006369984504,0.9768149350407795,5354.557680860385,0.019809383863823138,0.16920563890053728,0.43540157457695794,0.7974308032969879,0.9768149350407795
16,28,702194.3342933481,0.1860607845284331,0.4140628324524407,0.8024011951007987,0.8354532750778129,0.8907439313481278,1199994.8938802918,0.1860607845284331,0.412785640179847,0.8024011951007987,0.8354532750778129,0.8907439313481278,135501.11487618013,0.1860607845284331,0.41383348115788354,0.8024011951007987,0.8354532750778129,0.8907439313481278
16,29,6287623.519074381,0.061066212717383994,0.34642442291939446,0.7930559178122605,0.8758265375428445,0.9920722848458303,14682811.511926949,0.061066212717383994,0.35833995189966883,0.7930559178122605,0.8758053975029859,0.9920722848458303,5803876.966883019,0.061066212717383994,0.3508059645266705,0.8105633587648728,0.8757793356335108,0.9920722848458303
16,30,467812117.7249057,0.05048378884280735,0.452979183107239,0.5169092149122012,0.7443753480756721,0.9023579786790237,2562547756.658093,0.05048378884280735,0.45007721318321503,0.5355709191321301,0.7332926462170075,0.9023579786790237,499382493.50225437,0.05048378884280735,0.4537961985331551,0.5067934598157544,0.7515493265327142,0.9023579786790237
16,31,372596.0485875077,0.1096917642479367,0.41255342231990033,0.6419898504529863,0.6521909332009732,0.9614830973425399,351505.8135658622,0.1096917642479367,0.4083336416968087,0.6421534475289964,0.6521909332009732,0.9614830973425399,263157.87347684754,0.1096917642479367,0.42192454147874336,0.6421561177992585,0.6521909332009732,0.9614830973425399
16,32,71628.7261157606,0.009232888642337844,0.45726455044560044,0.5727463780937689,0.7343965790674419,0.9505413898864526,183844.34710268193,0.009232888642337844,0.45519981983287067,0.5701063814767159,0.73442450741094,0.9505413898864526,70064.539944106,0.009232888642337844,0.45519981983287067,0.5701063814767159,0.7364116479458919,0.9505413898864526
16,33,4888.191475200093,0.08659908822769014,0.3295496166416531,0.4796847644326512,0.601029583321354,0.9356939876811675,141467.76270564596,0.08659908822769014,0.3293472354260512,0.48013896322974503,0.5975866989106412,0.9356939876811675,5244.4492681997135,0.08659908822769014,0.3302178049552029,0.47943094386437035,0.6011357294203477,0.9356939876811675
16,34,1265797.4290176576,0.06702341196137185,0.2375934423276642,0.40115823120064853,0.6734604731938907,0.9043711812914481,1577491.8879552928,0.06702341196137185,0.2375934423276642,0.40115823120064853,0.6772892314000167,0.9043711812914481,1151886.0937358395,0.06702341196137185,0.2322264500894026,0.40115823120064853,0.6724768062003731,0.9043711812914481
16,35,1091703.902996492,0.043095135306459253,0.2949306910422703,0.5645197206694607,0.8282164947744394,0.9237640154886281,2980444.88836612,0.043095135306459253,0.2949306910422703,0.5710174516484556,0.8400110451087561,0.9237640154886281,1594957.1288725808,0.043095135306459253,0.2588259327877208,0.5661338072421621,0.7976694536034546,0.9237640154886281
16,36,2809809.5615204377,0.058904305528645895,0.2899045864671394,0.46157112289585467,0.676418999659449,0.9199350854315119,4131528.6408570157,0.058904305528645895,0.3320728745275848,0.46274294256916915,0.675092024912761,0.9199350854315119,1822925.5000932843,0.058904305528645895,0.2866346943309874,0.4608363204392484,0.6752693180300632,0.9199350854315119
16,37,2632629.2833801084,0.11129455381913067,0.5787719442257038,0.7590941020739005,0.9096261411787312,0.9787327990859341,5520223.941869728,0.11129455381913067,0.5783927000067517,0.7514126371826028,0.9069892737300443,0.9787327990859341,2701995.2919526594,0.11129455381913067,0.5779119967459575,0.7618893949859575,0.9098780966850617,0.9787327990859341
16,38,518735.8860459822,0.00918542438038461,0.31983152507798507,0.7197673685933795,0.7461650574585731,0.9762591053675648,1110781.8504281116,0.00918542438038461,0.32267734291836225,0.7044372106125643,0.7459210434053598,0.9762591053675648,707600.2108959482,0.00918542438038461,0.31578023615746664,0.7171445889703292,0.7451878729679678,0.9762591053675648
16,39,87680963.98472397,0.1488537018278111,0.22370417981971316,0.36970712911009784,0.6594706886303301,0.9478228972844177,86043038.51541267,0.1488537018278111,0.237326666381861,0.373014324320152,0.6469405428085829,0.9478228972844177,88346965.61229387,0.1488537018278111,0.22370417981971316,0.36358178318146606,0.6568670132531242,0.9478228972844177
16,40,2064124.3219463753,0.02740517042909807,0.18817697026455504,0.33593053502265113,0.7566432401054165,0.883511981993013,3169881.904752398,0.02740517042909807,0.18938792010764646,0.3222160017449679,0.7606134198023156,0.883511981993013,2174200.556360454,0.02740517042909807,0.18617418871727182,0.32831529291966,0.7592458587369223,0.883511981993013
16,41,1947904.7433046533,0.008125472581633209,0.25381764469379203,0.4260745098693517,0.7086840995067714,0.9366956501139566,4231137.166860865,0.008125472581633209,0.2447539344831924,0.42102276706574565,0.708912285813292,0.9366956501139566,2773401.894273048,0.008125472581633209,0.24972808991186138,0.41350034363370003,0.7077282085867811,0.9366956501139566
16,42,1372841095.225035,0.019978736051378343,0.2754031071428849,0.6736970851199453,0.7992459386050252,0.9985551317419764,4019973434.349523,0.019978736051378343,0.28182986619769607,0.6654181383600324,0.7992459386050252,0.9985551317419764,1355146534.467041,0.019978736051378343,0.27476998474400155,0.666071828849053,0.8472672667566943,0.9985551317419764
16,43,1037247.6598207357,0.018370979222392836,0.3632865348827566,0.6547281164686758,0.6953047819386153,0.9209860406019156,1488715.1791259227,0.018370979222392836,0.36323011439372743,0.6564643349627377,0.6944041218027784,0.9209860406019156,1150388.9422033222,0.018370979222392836,0.3738364342459003,0.6508687242736667,0.6961309852955493,0.9209860406019156
16,44,6084007.174481109,0.03889316859986447,0.1690715999214113,0.2269525143920432,0.25330981996524926,0.9607031767366149,3710971.5366540947,0.03889316859986447,0.164530964657285,0.22667920421855586,0.2535646448618376,0.9607031767366149,467765.96580935956,0.03889316859986447,0.164530964657285,0.2266750991221569,0.2527443784208908,0.9607031767366149
16,45,2477611.790757658,0.019158901569660602,0.40937016454841413,0.7648275778613225,0.7940631031894448,0.9106071411416533,5536858.354761717,0.019158901569660602,0.4092992889269383,0.7652059268590639,0.7944496788770093,0.9106071411416533,2637460.020119915,0.019158901569660602,0.40658641523578065,0.7647193271091168,0.7926218292217437,0.9106071411416533
16,46,21946187657.263474,0.04605555194627631,0.5774709524847239,0.7379516000319685,0.7554236340281009,0.8239853149426404,21521281667.53989,0.04605555194627631,0.5774709524847239,0.7453019833049699,0.7531169071280436,0.8239853149426404,19784041815.621227,0.04605555194627631,0.5774709524847239,0.7344482700627708,0.7527533395752384,0.8239853149426404
16,47,2894.154125663696,0.06503176024574464,0.1747980074234689,0.31077232881770134,0.3769503417734432,0.8774062413422057,6129.893370975984,0.06503176024574464,0.17507926310560945,0.3107722576468934,0.3769503417734432,0.8774062413422057,2150.8267238004737,0.06503176024574464,0.17570711971146344,0.3114331369981411,0.3670435904380398,0.8774062413422057
16,48,149632.00985294097,0.15475109465815606,0.28656450365128133,0.6535115792283828,0.7096005030002699,0.9512901585470862,181965.37702851964,0.15475109465815606,0.28656450365128133,0.6535115792283828,0.7098235475606856,0.9512901585470862,165794.29221327545,0.15475109465815606,0.2865985887628051,0.6535115792283828,0.709815814296449,0.9512901585470862
16,49,4901.061489244336,0.09811650143283213,0.25315622089556133,0.3848677342650605,0.5962564325575651,0.8173829507442968,26543.996093436297,0.09811650143283213,0.2592265202173229,0.36728456669275966,0.5975980023443122,0.8173829507442968,2449.0814765505684,0.09811650143283213,0.2587958060244003,0.38653190930863124,0.604997319291652,0.8173829507442968
16,50,15980970.862264296,0.06691275038145195,0.1115493484095168,0.2260818523930932,0.6743060559454812,0.9698808414855253,47940570.98919537,0.06691275038145195,0.11169242677608436,0.23152843436106268,0.6696375687484802,0.9698808414855253,17401240.975499295,0.06691275038145195,0.11232809737150831,0.22726026988117987,0.6739846662144059,0.9698808414855253
16,51,11133607961.890139,0.13686871588493255,0.21772710976524007,0.6180833788696632,0.7631564757075774,0.9810680142065245,11135095015.869194,0.13686871588493255,0.23049714222546588,0.6239195966553992,0.7653680250924915,0.9810680142065245,11147560136.898014,0.13686871588493255,0.21842646244928648,0.6275601949706322,0.7582185777392355,0.9810680142065245
16,52,260522.44833754134,0.01857513823289414,0.40579647285280374,0.5497403962901171,0.7885765492480915,0.962055280726493,241985.04865176836,0.01857513823289414,0.40196398911196063,0.5677683375261819,0.7885765492480915,0.962055280726493,223924.53404132195,0.01857513823289414,0.40579647285280374,0.551895887901345,0.7885765492480915,0.962055280726493
16,53,1176386.8101151998,0.02461877845781657,0.18241122791309325,0.7929019036233933,0.819370914203719,0.9537993456741759,3701284.810634181,0.02461877845781657,0.18446413666576802,0.7929019036233933,0.819370914203719,0.9537993456741759,1059487.289150442,0.02461877845781657,0.18024982182399268,0.7929019036233933,0.819370914203719,0.9537993456741759
16,54,854090.3470019588,0.09953690161332329,0.32725394372750544,0.4866284688051957,0.7278692273188966,0.9881773308010545,735629.9967901343,0.09953690161332329,0.32725394372750544,0.4843437719930971,0.7507206623793838,0.9881773308010545,100521.71355370416,0.09953690161332329,0.326315879062224,0.5041432974503557,0.7298783893532919,0.9881773308010545
16,55,7510081753.160972,0.010562483149043955,0.0582343805079288,0.08231084155340808,0.4664905564591433,0.9155301289664992,15476635074.281204,0.010562483149043955,0.0582343805079288,0.08231084155340808,0.4664905564591433,0.9155301289664992,10212972743.893791,0.010562483149043955,0.05935758469386424,0.08231209932020048,0.4910539213517865,0.9155301289664992
16,56,11462827.530669954,0.011455113056199617,0.3041546697464076,0.6696237916934895,0.8697081416889881,0.9139176893254563,12758894.88666442,0.011455113056199617,0.3072137554022815,0.6659334803728454,0.8661294493875771,0.9139176893254563,12074185.487269312,0.011455113056199617,0.3096464128066245,0.6684007787201331,0.8660210760540599,0.9139176893254563
16,57,169537.5855914505,0.03180064567109153,0.27095247797211114,0.5238681403722534,0.6046294681213281,0.9051054150592004,448938.01757616864,0.03180064567109153,0.27095247797211114,0.5238681403722534,0.6046294681213281,0.9051054150592004,124318.26508272272,0.03180064567109153,0.2697922077655156,0.52367289305593,0.6246998114832039,0.9051054150592004
16,58,180607.4450016755,0.1760737523342888,0.32082450351027236,0.43740429540507075,0.6229897386328147,0.9479668206926856,429081.8306345798,0.1760737523342888,0.32685718303776845,0.45045811985246054,0.6229897386328147,0.9479668206926856,154871.58504285125,0.1760737523342888,0.32146821240901335,0.4348477188172042,0.6026617341142797,0.9479668206926856
16,59,7163261.129264357,0.02095060080822264,0.2770007119820045,0.4259529429209425,0.4783361100444201,0.8997831701230165,15276626.264853103,0.02095060080822264,0.27738680974858465,0.4202342769907105,0.4781119334273731,0.8997831701230165,7406727.129158484,0.02095060080822264,0.27650436103363896,0.4275103107420556,0.477434907504319,0.8997831701230165
16,60,693814.6522567904,0.07815858668227926,0.25709721899803983,0.5386821336215958,0.6352902519075668,0.9712271666578668,727119.962537569,0.07815858668227926,0.25709721899803983,0.537470509431756,0.6438867909129864,0.9712271666578668,541501.5896402947,0.07815858668227926,0.2632820912762126,0.5374264551571885,0.6475124319206585,0.9712271666578668
16,61,3954870.2140830085,0.07477849796314151,0.27858434919031594,0.3783729652527393,0.38782978548571345,0.9208603431989609,7531030.63361678,0.07477849796314151,0.2789312112999131,0.3776478629071417,0.39188764258424735,0.9208603431989609,2071356.9657728514,0.07477849796314151,0.27930624317100733,0.37937298904432926,0.3878914192100903,0.9208603431989609
16,62,17458.882207696057,0.02120425099111456,0.3293273720337047,0.5280429009370939,0.8186923480309829,0.9577182678073786,58155.350615018906,0.02120425099111456,0.3436525070670789,0.5245148895380118,0.816514629014076,0.9577182678073786,22594.001882275614,0.02120425099111456,0.3436525070670789,0.524820100261203,0.819749117381411,0.9577182678073786
16,63,104318.19441163617,0.10882654138428716,0.12768931465346933,0.2577523292426898,0.7279936962454162,0.9752813315610979,112597.7357823406,0.10882654138428716,0.12712001096095368,0.2580067398495114,0.6323858763178307,0.9752813315610979,112452.06501832228,0.10882654138428716,0.12738321694304836,0.25687103368009334,0.7558816726763475,0.9752813315610979
16,64,57809812.34895042,0.042271955321300125,0.3612487889319391,0.7585872580651791,0.8221559617706993,0.8764795440981922,62403826.25606504,0.042271955321300125,0.3612487889319391,0.715739309897778,0.8146336916284733,0.8764795440981922,57362355.72480618,0.042271955321300125,0.3746732254876437,0.7557290645457257,0.8257751835317166,0.8764795440981922
16,65,3714846.557407274,0.04028291283351093,0.2585446717850233,0.6706649503605426,0.851139560610735,0.8958493864638921,4593966.670162505,0.04028291283351093,0.2585446717850233,0.6621304833040953,0.8494019867050907,0.8958493864638921,3414737.9259347697,0.04028291283351093,0.2863241411628419,0.6663677266813072,0.8543674988656215,0.8958493864638921
16,66,24072.23377360701,0.040330319739175224,0.1566103339494113,0.5865916909987339,0.6705881474054471,0.9873806544941958,54939.19807318517,0.040330319739175224,0.1566103339494113,0.5898172930453662,0.6968867389349358,0.9873806544941958,22416.765022334526,0.040330319739175224,0.1566103339494113,0.5769888132151095,0.663871206958685,0.9873806544941958
16,67,822085.79595455,0.03407417125052392,0.13360639915651945,0.3829471614495178,0.7024910365092086,0.9871855445688378,713874.3601134863,0.03407417125052392,0.132460609707363,0.38050255518934656,0.7191457789058016,0.9871855445688378,602459.5735570774,0.03407417125052392,0.133483927384402,0.3829471614495178,0.689284574190134,0.9871855445688378
16,68,11643227.53728214,0.024740057487287248,0.1582419384600238,0.7381905346543554,0.8976322959088163,0.998807111398699,11892645.234153038,0.024740057487287248,0.16318472543230322,0.7396227064790712,0.8974439502358672,0.998807111398699,11841313.069697408,0.024740057487287248,0.1562451233008631,0.7361633736025374,0.8994469480187346,0.998807111398699
16,69,2495098.9854620267,0.019647829825532925,0.3640168092667415,0.47986877455387933,0.5582160067664763,0.9662062619789997,2425891.914531511,0.019647829825532925,0.3597429789632798,0.47638878738623647,0.5587770475987012,0.9662062619789997,2548040.13667045,0.019647829825532925,0.36417708711524827,0.4806675973695156,0.5519597804234189,0.9662062619789997
16,70,432584.56047811994,0.011610909605404562,0.3733198715542164,0.588212172219637,0.6705145850462025,0.8991336666219683,1219398.143940681,0.011610909605404562,0.37903371838868105,0.5820829217283029,0.6819278528237017,0.8991336666219683,622102.5022551601,0.011610909605404562,0.3753056501103415,0.5880602518079192,0.6547550143255199,0.8991336666219683
16,71,1133344.8375901342,0.0032880329484076265,0.19785000156664279,0.4693534967861178,0.6541061271265489,0.9955917996909555,2252209.4962074966,0.0032880329484076265,0.19785000156664279,0.4388604078663296,0.6470143351332376,0.9955917996909555,825334.7762304787,0.0032880329484076265,0.2115541493377322,0.47144927595764186,0.6411431964435189,0.9955917996909555
16,72,2025323.6933825563,0.008251758596719228,0.29106354431653025,0.5940862608800086,0.8138592956147899,0.9559533961562338,12526421.25617782,0.008251758596719228,0.28698450196263825,0.5934262219301256,0.815397421031645,0.9559533961562338,2643397.6847538804,0.008251758596719228,0.2777076505619029,0.5871409458460333,0.8134707477660991,0.9559533961562338
16,73,1730042.1985674622,0.01811502686335864,0.31460736979439385,0.4487907750970655,0.6033086984737605,0.8163196560566207,1493937.7014990116,0.01811502686335864,0.31602144493475565,0.448320076223797,0.6033086984737605,0.8163196560566207,699318.1985495371,0.01811502686335864,0.3140624231435599,0.44907370586233686,0.6032943492223333,0.8163196560566207
16,74,588735077.2098185,0.027383346659347274,0.16273934706342594,0.5601290985123104,0.6932835897980245,0.9178531258899864,588778944.3590177,0.027383346659347274,0.16273934706342594,0.5645741168153862,0.692316512451261,0.9178531258899864,588731510.2703713,0.027383346659347274,0.1631224616054441,0.5536894071174536,0.6955739807792329,0.9178531258899864
16,75,9793311.884900725,0.009221903971033063,0.22111534448798614,0.5422158567617388,0.853038736561682,0.9671246220261303,9805516.440220758,0.009221903971033063,0.22111534448798614,0.5439787764811821,0.8543842054008695,0.9671246220261303,9035062.594136916,0.009221903971033063,0.24778025226639583,0.5416801513296905,0.8520894157573464,0.9671246220261303
16,76,219343185.87523422,0.02292411003821271,0.6361693733508884,0.6453843102300305,0.71375566960684,0.8889055042272922,204122340.4640305,0.02292411003821271,0.6290807427023282,0.6442788034600566,0.7143616237905487,0.8889055042272922,207783483.52526656,0.02292411003821271,0.6365493119371906,0.6472143448094629,0.7094246566440352,0.8889055042272922
16,77,2093354.463010886,0.004997842691563115,0.3112565719232895,0.3786473012415501,0.5461767609429558,0.9203276623549135,3491249.5027950476,0.004997842691563115,0.3112565719232895,0.37397539848571454,0.5461767609429558,0.9203276623549135,1680745.2144452827,0.004997842691563115,0.3112565719232895,0.37180826184294125,0.5586124875568332,0.9203276623549135
16,78,154577.52038553287,0.003720486576289983,0.2326890135646539,0.41332949381918405,0.6407457952076843,0.840885916780685,350599.91591538273,0.003720486576289983,0.2303317380269066,0.41332949381918405,0.6409891194340375,0.840885916780685,138232.27242134092,0.003720486576289983,0.22816687619110448,0.47576972135765294,0.641377619425919,0.840885916780685
16,79,221127.60195967322,0.06098458079660385,0.28662591476849003,0.40767167225498446,0.5188438666862358,0.8791750286655792,254989.81070794255,0.06098458079660385,0.28614621657391465,0.40685457000754643,0.5265965731995066,0.8791750286655792,223670.66055815158,0.06098458079660385,0.2861188917308864,0.40744720942552404,0.5121002117540328,0.8791750286655792
16,80,8312019.1009287005,0.009799860751453005,0.2663223998675118,0.33708895201074174,0.8156236938341858,0.9737704921512916,38261492.31864871,0.009799860751453005,0.2648504014215861,0.36810407660182154,0.8156236938341858,0.9737704921512916,9787080.87633959,0.009799860751453005,0.27094438625753575,0.33926870105159324,0.8156236938341858,0.9737704921512916
16,81,7332613.234418524,0.06753843569465678,0.16959131793416307,0.31985547944990167,0.827275155423288,0.9955031763516394,12781859.596279435,0.06753843569465678,0.16959131793416307,0.3227119473621067,0.8166279266885649,0.9955031763516394,8573886.820200345,0.06753843569465678,0.17433306830863257,0.3164355067439384,0.8245208078494286,0.9955031763516394
16,82,144449603.05996126,0.07122392235427066,0.13383844479972543,0.21703471920816836,0.2841272253211786,0.9018601210396843,147438680.20870706,0.07122392235427066,0.13383844479972543,0.21818553523959736,0.28516279874096717,0.9018601210396843,146662788.8730746,0.07122392235427066,0.13383844479972543,0.21703471920816836,0.28441258372746375,0.9018601210396843
16,83,12556800.72233469,0.01654424185864467,0.2944994350046251,0.5757943722642811,0.832646598616377,0.9984747391554006,12146320.328610627,0.01654424185864467,0.3042034802366106,0.5737043805461104,0.832646598616377,0.9984747391554006,11474486.121052535,0.01654424185864467,0.2937436519103538,0.5810817175754095,0.836177496146671,0.9984747391554006
16,84,338349.09647958976,0.07888731623392775,0.1946666722656843,0.597709571604323,0.8191978689474635,0.9901236786580071,500759.3862940237,0.07888731623392775,0.20074714036690317,0.597709571604323,0.821944003825117,0.9901236786580071,399982.1050057555,0.07888731623392775,0.1940461655789071,0.5975889431212088,0.8165546273874634,0.9901236786580071
16,85,866121.0647061167,0.07043147393491356,0.4727820152849048,0.6645649957409405,0.8450154476054119,0.9656782450177572,2438582.0001178808,0.07043147393491356,0.48314950388107547,0.6636077315414883,0.850991024452775,0.9656782450177572,953102.8312773859,0.07043147393491356,0.46537689030554347,0.6468596382805663,0.8573553639820033,0.9656782450177572
16,86,7716949.217134025,0.021683408422044415,0.08259154102849021,0.21976136455996365,0.8756099053535538,0.9784627878725334,14382984.942092333,0.021683408422044415,0.09242460838339286,0.21897271225498732,0.8756099053535538,0.9784627878725334,7511989.951266913,0.021683408422044415,0.08355981259077441,0.21982563665883037,0.8745951189030936,0.9784627878725334
16,87,7073079.353763276,0.14574203960910992,0.39000115303687843,0.6811120252133895,0.7919851761959423,0.9329138290144272,5628287.417087083,0.14574203960910992,0.3902894067574697,0.6737951006687979,0.7966448726798068,0.9329138290144272,3367527.6666063224,0.14574203960910992,0.3904006007323694,0.6831519638490323,0.7894755218629024,0.9329138290144272
16,88,1142919206.1155696,0.00201502571308243,0.3987691957267014,0.629189200981638,0.8204298780731281,0.9849276473162257,1216333509.9748805,0.00201502571308243,0.395183022639529,0.6315186960926669,0.822765355587618,0.9849276473162257,1167488959.2178311,0.00201502571308243,0.3987691957267014,0.6328431512905742,0.8204298780731281,0.9849276473162257
16,89,676096.4057806707,0.07183813654755211,0.26121294465206096,0.5291918207301295,0.7156702494002753,0.9723434514739321,967018.2807111643,0.07183813654755211,0.25838658021288763,0.5290955021341753,0.6993375958770143,0.9723434514739321,755516.4241150735,0.07183813654755211,0.2625783503625755,0.5280746912560752,0.7239506648583784,0.9723434514739321
16,90,53948.1581995352,0.06536395330607647,0.375175265335826,0.5641806312343487,0.6018197454382731,0.9803586123866035,433583.137645219,0.06536395330607647,0.3793535762756558,0.566371232756714,0.6010071453796126,0.9803586123866035,47758.84285687352,0.06536395330607647,0.37227871455237804,0.5639163439938404,0.6023607907875197,0.9803586123866035
16,91,24662291.737347953,0.011595748077414147,0.3794852038123617,0.701384260809659,0.7493198429722372,0.9608705165422529,20579387.41954613,0.011595748077414147,0.3758534507719056,0.701384260809659,0.7512260446827037,0.9608705165422529,5234848.826294868,0.011595748077414147,0.38170483213945805,0.701384260809659,0.7458801665809563,0.9608705165422529
16,92,22244.807926792655,0.07200638788044988,0.3492514254269326,0.5392051186316345,0.8423380777068288,0.9908806262774442,19079.946979535587,0.07200638788044988,0.34912924465788797,0.523244439210317,0.7988411982262759,0.9908806262774442,5070.300117702848,0.07200638788044988,0.3493829710661865,0.5495959314898116,0.8428728005372068,0.9908806262774442
16,93,304829.5034544511,0.027342327222504736,0.1934594947734498,0.6967543053397137,0.891732245841699,0.9858529804670809,610666.0604379113,0.027342327222504736,0.1934594947734498,0.6986869933771,0.8863821115437284,0.9858529804670809,969074.0905061448,0.027342327222504736,0.1934594947734498,0.6960763127202563,0.9012706668488474,0.9858529804670809
16,94,252948124445.379,0.1477735937533794,0.38557172349605856,0.538362427488944,0.7143116768136539,0.9354888090100071,252949098288.80554,0.1477735937533794,0.38557172349605856,0.538362427488944,0.7301360961515091,0.9354888090100071,253333236822.00568,0.1477735937533794,0.38557172349605856,0.5385342893700282,0.7098859394781756,0.9354888090100071
16,95,853742.6660495335,0.009832640162879214,0.17905742696277546,0.5604355731921471,0.7296227960595272,0.8339371352156612,883293.1742996535,0.009832640162879214,0.18115380638332812,0.5636323334043131,0.7273848431382435,0.8339371352156612,856279.9856526669,0.009832640162879214,0.17854687259008156,0.5702336031862185,0.7305777123109783,0.8339371352156612
16,96,3438256.115847497,0.0530663702297377,0.27747462896214675,0.8510819671227908,0.9023320071721816,0.980180061182984,8138305.674487403,0.0530663702297377,0.28111174786705573,0.8270959758457438,0.9056924930306929,0.980180061182984,3688533.4358424162,0.0530663702297377,0.2751586581151283,0.8534208791657574,0.9105065559316048,0.980180061182984
16,97,138889.08771691044,0.11037294139980225,0.14795637909077614,0.5917200541093708,0.7202000157762508,0.8916166299120417,179721.24484601454,0.11037294139980225,0.16662178314404374,0.5946534226105313,0.7205879298812723,0.8916166299120417,151209.51476133388,0.11037294139980225,0.16662178314404374,0.5859102737564972,0.7183103461527496,0.8916166299120417
16,98,10087054.035900878,0.040188692312020824,0.12184225823901662,0.5114021556913793,0.6782450433350361,0.911076465019132,10937542.642104002,0.040188692312020824,0.12045196801553955,0.5115723422666076,0.6782406928704723,0.911076465019132,10455468.069179144,0.040188692312020824,0.11620781069378418,0.5104316244348837,0.6776125716045684,0.911076465019132
16,99,18874520.3907107,0.11882787426620567,0.3642033333284871,0.3750967159967671,0.6380533813575628,0.9596097801289448,14623569.894733004,0.11882787426620567,0.3642033333284871,0.3750967159967671,0.6380533813575628,0.9596097801289448,8153184.032177782,0.11882787426620567,0.3622853143971372,0.3694141246452064,0.6340638139480632,0.9596097801289448
16,100,5044129.79503743,0.05523815921265629,0.45495853984542184,0.5904643659783027,0.831548139844192,0.9608148889049806,5068994.139537687,0.05523815921265629,0.45495853984542184,0.5904643659783027,0.832315223448148,0.9608148889049806,3039050.904751657,0.05523815921265629,0.45495853984542184,0.5909329991420368,0.8316532699303807,0.9608148889049806
16,101,1734583.148862088,0.1732551680873161,0.3231158309865636,0.5208741644456711,0.754301112731977,0.9639405866871082,2122180.047432697,0.1732551680873161,0.3181439153411501,0.5208741644456711,0.7551953621155156,0.9639405866871082,1942501.140041986,0.1732551680873161,0.32623611713122064,0.5289031675044426,0.752526716381001,0.9639405866871082
16,102,125102.85139015848,0.21208560715809255,0.49651142331020964,0.7307576293602762,0.8640716928717146,0.9922478898575797,162436.08037399672,0.21208560715809255,0.49651142331020964,0.7307576293602762,0.8714046115149467,0.9922478898575797,132294.03274988593,0.21208560715809255,0.49323325301330717,0.7307576293602762,0.8656957378783638,0.9922478898575797
16,103,517038256.4195762,0.01893146045869143,0.14104831296808526,0.22151362199937163,0.47744954274327855,0.7984968094219697,514228096.38512844,0.01893146045869143,0.14890084214272348,0.22151362199937163,0.47856069919536914,0.7984968094219697,517257644.7247836,0.01893146045869143,0.13897480227628178,0.21934885160090162,0.47798580118619766,0.7984968094219697
16,104,221490.58116092285,0.08704017951560372,0.36625640666509035,0.7920624185395689,0.848044343512991,0.9643844295784932,355282.33783755486,0.08704017951560372,0.3805279529089335,0.7918487614380894,0.8561595443554886,0.9643844295784932,64367.95404045401,0.08704017951560372,0.36647296819674546,0.7919569341175655,0.8570920062168158,0.9643844295784932
16,105,54179225.97421588,0.1714322369015182,0.6065369825262956,0.7011344458085969,0.8397417000093742,0.9107929530435448,101619507.83158633,0.1714322369015182,0.6060110812235695,0.7011344458085969,0.8397417000093742,0.9107929530435448,74631705.17883222,0.1714322369015182,0.6111394773098778,0.7007516004523722,0.8514738312434335,0.9107929530435448
16,106,97522.23423585235,0.007402535627345497,0.12422344619449811,0.5381971517583561,0.7961266200867009,0.8974892637172048,433461.1976780327,0.007402535627345497,0.12086032162691904,0.5189012303430127,0.8089751293424361,0.8974892637172048,145253.83403798193,0.007402535627345497,0.12817722772660192,0.5448938497406348,0.8004875268154082,0.8974892637172048
16,107,201866.27987553703,0.024985081901112594,0.2067520248116005,0.5284312366188484,0.5314711652005225,0.8117671527611806,253061.23741130106,0.024985081901112594,0.20857794425771237,0.5284312366188484,0.5312916017611242,0.8117671527611806,180741.8322827564,0.024985081901112594,0.21203655244723,0.5283800979662209,0.5321410885984306,0.8117671527611806
16,108,1114824178.7723968,0.11272659846856281,0.24380868380965331,0.5166907553078203,0.5651930727032598,0.8957710396476367,1123395204.6464167,0.11272659846856281,0.24258140602936212,0.4719247328615256,0.5651202805023647,0.8957710396476367,1150916151.0488107,0.11272659846856281,0.2516412348268431,0.5303709340948335,0.5656042659544295,0.8957710396476367
16,109,2626.7907436985074,0.06915202972453516,0.39519494088214474,0.5136940271097563,0.5515867147133514,0.9385124641664052,12803.89936633027,0.06915202972453516,0.39594279630444035,0.5131946440291372,0.5515252132827535,0.9385124641664052,2415.327919398949,0.06915202972453516,0.39237525230960624,0.5153643976909781,0.5504744142276913,0.9385124641664052
16,110,3456336.1856736243,0.059048920802122984,0.11852432740676869,0.23927659983763427,0.6218581512839774,0.8799792603149926,4049574.6484105233,0.059048920802122984,0.1186448275715889,0.2481721894868691,0.5540590514873527,0.8799792603149926,3475826.5109687224,0.059048920802122984,0.118549252206631,0.24464388050699315,0.6159299915901171,0.8799792603149926
16,111,2312429.000758079,0.03504251113884371,0.19224015887987309,0.3931537615958287,0.4996234903704196,0.9297559576354834,2981396.3807189343,0.03504251113884371,0.19607019489640143,0.3917654610634449,0.5022516382882443,0.9297559576354834,2444030.5009619817,0.03504251113884371,0.1888439266590157,0.3931785333686266,0.5100180737956809,0.9297559576354834
16,112,168370392.70968297,0.21803163725343233,0.45309062215628004,0.6619428043512627,0.8484208043271505,0.9990185401625968,166173890.68101618,0.21803163725343233,0.4539169836466118,0.6619428043512627,0.8484208043271505,0.9990185401625968,166732419.93001413,0.21803163725343233,0.45386529821239957,0.6619428043512627,0.8549371142754951,0.9990185401625968
16,113,18766.22083045307,0.04194778203313565,0.32615686632511764,0.4139403991723295,0.7506414690912198,0.876432698533887,40799.0094947233,0.04194778203313565,0.3277145224655458,0.4239995960766296,0.7508668151018738,0.876432698533887,12923.490593846549,0.04194778203313565,0.3297124792785079,0.4115615592570822,0.7540198601154973,0.876432698533887
16,114,6494114703.009906,0.005884199784457644,0.057231199039950185,0.24102231527434087,0.4356022392511518,0.9546389454523313,6495158668.673844,0.005884199784457644,0.13534086156428254,0.25023481133098796,0.4266362322748489,0.9546389454523313,6565971301.399981,0.005884199784457644,0.05795866983181635,0.24409606991816954,0.4258702948421278,0.9546389454523313
16,115,2335346.2651467,0.019238594014186927,0.3997524084922491,0.5413834412344461,0.8101707097699866,0.8782756424332662,3340037.669183129,0.019238594014186927,0.4015565102600993,0.5644649433445417,0.8101707097699866,0.8782756424332662,2262437.50184071,0.019238594014186927,0.4030663852589717,0.5480594939310022,0.8168477480284468,0.8782756424332662
16,116,3549830.134793686,0.03076751993958049,0.4140385629137145,0.45261108756921653,0.6902253768970459,0.8893038220905584,6700891.802770312,0.03076751993958049,0.41405844314952983,0.45777231037978683,0.6936795264979582,0.8893038220905584,1428615.4041937033,0.03076751993958049,0.42006576634957493,0.45139675325715545,0.6845006001210503,0.8893038220905584
16,117,304551.7782276586,0.1216697329927513,0.24214348334472102,0.7162981312954038,0.8238713338714103,0.9834008238626961,358212.1527030196,0.1216697329927513,0.2410388825750533,0.7331309206171726,0.8238713338714103,0.9834008238626961,284026.04134567635,0.1216697329927513,0.2481862554298843,0.7355598775212928,0.8238713338714103,0.9834008238626961
16,118,49853.72966318634,0.11165634413985948,0.22404829109997773,0.39186851300575964,0.5797508774924466,0.7934589757797935,297823.51471095096,0.11165634413985948,0.22427860518990764,0.39152933633040954,0.5771211624588987,0.7934589757797935,74894.12293277867,0.11165634413985948,0.2103333723007953,0.3924118318635118,0.5758271319313327,0.7934589757797935
16,119,517681.59959896817,0.06719962086812148,0.333773656853788,0.5300302289592602,0.6643807854910359,0.9828018986620969,1808180.080975902,0.06719962086812148,0.33350213523345884,0.5363565679362323,0.6643807854910359,0.9828018986620969,633683.6610270562,0.06719962086812148,0.3335240080217234,0.529633026131015,0.6817836189859614,0.9828018986620969
16,120,772640.9373066407,0.19160237879953745,0.33800472071920806,0.5003301848619259,0.7496142826844652,0.9780738666702431,1461930.0598051797,0.19160237879953745,0.3396607715555296,0.5113617865309141,0.7518451528458582,0.9780738666702431,1021294.0512293559,0.19160237879953745,0.3360300065157877,0.502362061610774,0.7469223750336536,0.9780738666702431
16,121,46745.76237591894,0.04033931723532924,0.21924745470673915,0.3806739138498296,0.657052958332007,0.7568855852914449,35870.5553065075,0.04033931723532924,0.21924745470673915,0.37360410519388093,0.6520364143632222,0.7568855852914449,5492.26032519288,0.04033931723532924,0.2192192876758647,0.3903668358657476,0.6566970995667751,0.7568855852914449
16,122,709943.3275882739,0.25786762164446186,0.4614190555195234,0.6611922433184747,0.8489480625378978,0.9396453379120016,636054.9655035576,0.25786762164446186,0.4689340663110625,0.6616881524109957,0.8513246048147893,0.9396453379120016,459815.8461548758,0.25786762164446186,0.4655180140678422,0.661362434486251,0.8503035042350406,0.9396453379120016
16,123,70883.84211670661,0.030492187156821005,0.24356628182283496,0.36156607407330615,0.6948608133461174,0.986307585079718,90423.66462009503,0.030492187156821005,0.24356628182283496,0.36156607407330615,0.6882148261547918,0.986307585079718,59828.34427569979,0.030492187156821005,0.2638179715308814,0.2718726164534422,0.6955437552392587,0.986307585079718
16,124,1334679.2033015687,0.05947089241776726,0.5031073434212922,0.5711016305119685,0.7494937444757346,0.9317399210080454,1521379.3088413854,0.05947089241776726,0.5026343131109678,0.5776590545060503,0.7596014244260092,0.9317399210080454,601451.445910791,0.05947089241776726,0.5026055578659201,0.5662693494243495,0.7429954774634905,0.9317399210080454
16,125,10101.8299439801,0.05543822094725048,0.07966496319016284,0.16967820058981398,0.3701029461349871,0.9915345003688731,164432.69186275767,0.05543822094725048,0.07966496319016284,0.17865378741125365,0.36997272638263917,0.9915345003688731,7457.422375796599,0.05543822094725048,0.07966496319016284,0.16615501784705053,0.3708675265876594,0.9915345003688731
16,126,72765.92704065514,0.07376327759858936,0.2898652632710199,0.4246343413369049,0.7854822769473171,0.902546540988516,287262.0628013278,0.07376327759858936,0.2898652632710199,0.44240637094394486,0.7854822769473171,0.902546540988516,66796.54011174761,0.07376327759858936,0.2898566632753804,0.4232486360434685,0.7855595961196106,0.902546540988516
16,127,170980543.4610421,0.00022414891115296598,0.4492456131736873,0.6567490181257465,0.8030588255108246,0.960371462862474,217143166.1686515,0.00022414891115296598,0.4489783921072758,0.6602701446289032,0.8217142593256865,0.960371462862474,181660111.86196467,0.00022414891115296598,0.44878512420089495,0.655382021290703,0.8217142593256865,0.960371462862474
16,128,1272609.680228841,0.010897609979337086,0.11735512583997185,0.4424468585730166,0.6548703358405487,0.9223908882430725,1474308.176968072,0.010897609979337086,0.11676386094485977,0.4418066716811889,0.6548061104175125,0.9223908882430725,1319265.1627833017,0.010897609979337086,0.1177390593678598,0.43648499369817395,0.6547647649992172,0.9223908882430725
16,129,640484.6751239141,0.0728076375830895,0.2613013110027571,0.47296623383326675,0.703676050151155,0.9750970551698802,692055.6085258916,0.0728076375830895,0.25484614588599475,0.4731174428321755,0.6970096782092321,0.9750970551698802,653238.001035624,0.0728076375830895,0.2477376926466236,0.4678350151700832,0.7068088228923012,0.9750970551698802
16,130,5544.785142854089,0.004675166807989406,0.0561789415989681,0.20623016646134046,0.5387625624998535,0.9383259729261499,10983.82033156831,0.004675166807989406,0.0668793904831839,0.2077677079030984,0.53129364325071,0.9383259729261499,6250.464653035428,0.004675166807989406,0.07049687281817212,0.20621088159871925,0.5446487116890748,0.9383259729261499
16,131,480984.6974595012,0.050641167181149194,0.06342119151763355,0.2523307874426025,0.7313940206132845,0.8824906662770782,2344610.330782212,0.050641167181149194,0.06369916088807265,0.25233438988704116,0.7311963561184052,0.8824906662770782,656004.8204005875,0.050641167181149194,0.06340764652233953,0.252135247795951,0.7276442578200267,0.8824906662770782
16,132,560244.169731193,0.24478310315789265,0.33708245380213475,0.49755867397340314,0.6447770469650169,0.8980702480628969,1302514.4893939581,0.24478310315789265,0.36186179951090247,0.4999685465828143,0.6339013448372061,0.8980702480628969,552696.2328757353,0.24478310315789265,0.3340363983262816,0.4997091475231092,0.6124107180692409,0.8980702480628969
16,133,197796.52776204553,0.006471686555831191,0.31475507939657665,0.3234749363217839,0.44974270228554847,0.8981501249086428,288168.4933200309,0.006471686555831191,0.3139324788707888,0.3276823393038648,0.4511051795270377,0.8981501249086428,193061.18100298868,0.006471686555831191,0.31153339476373365,0.3236094113930673,0.4505279440386754,0.8981501249086428
16,134,2080533.757083506,0.05088993836107003,0.28621020642800477,0.4050904518911802,0.5435526089878672,0.985824615505355,10605065.340285555,0.05088993836107003,0.28621020642800477,0.4024578043935466,0.5435526089878672,0.985824615505355,2165407.4320113338,0.05088993836107003,0.28621020642800477,0.4020589834267606,0.5435526089878672,0.985824615505355
16,135,16235384.472819833,0.001463317120266483,0.18964167446141336,0.5515605693221077,0.7877849977769226,0.9983940307380864,16341135.641306277,0.001463317120266483,0.1886117064201928,0.5520764531700978,0.7907480154112635,0.9983940307380864,16543795.066543592,0.001463317120266483,0.19350327565455477,0.5524492616426472,0.7893909012908233,0.9983940307380864
16,136,107026.6107353333,0.039656551745958835,0.26794227209079996,0.41682730537491786,0.6608331365851638,0.9793538978280315,234563.2244796542,0.039656551745958835,0.2782284795258455,0.4291432274850906,0.6605368438602461,0.9793538978280315,23897.46423917921,0.039656551745958835,0.28620592075947293,0.419160871921648,0.6607453516304573,0.9793538978280315
16,137,5000892.840388301,0.1515227566384738,0.5352716862193012,0.6153265937263351,0.8188957734818452,0.9958455332017252,5344907.701147765,0.1515227566384738,0.5358037233005378,0.6148700856674292,0.8178858780336415,0.9958455332017252,4729013.124742779,0.1515227566384738,0.5358037233005378,0.6135935083571455,0.8178412728674092,0.9958455332017252
16,138,169839582.19926172,0.026543054518200493,0.2737499055789245,0.40320624613145817,0.5129782670898825,0.9875161257565673,306374553.44720465,0.026543054518200493,0.2745434565949103,0.4019671155063217,0.5129782670898825,0.9875161257565673,189092892.43902275,0.026543054518200493,0.2805129764899946,0.3898621658744792,0.5132936516317271,0.9875161257565673
16,139,525165.910947944,0.023946170034053194,0.36694367533660127,0.4761872182897493,0.7342094023455965,0.9781202915833532,1251653.3267103133,0.023946170034053194,0.34332683304967776,0.473316209182211,0.7342144750483542,0.9781202915833532,497470.3813372317,0.023946170034053194,0.3473596717211001,0.46587812575664644,0.7341982087812369,0.9781202915833532
16,140,39435.56833702082,0.005773377217871523,0.09659704900484965,0.31892798723720206,0.5865165603064668,0.9651662670331778,88605.56568478784,0.005773377217871523,0.09701172866321887,0.32143439253886297,0.5923102231837514,0.9651662670331778,45041.93646761927,0.005773377217871523,0.0966143872984252,0.3171759739167198,0.5873753590587859,0.9651662670331778
16,141,91730224861.5994,0.010499001562599308,0.3218071929057318,0.4396537286426893,0.728875660212084,0.9983331308558153,91776686557.77473,0.010499001562599308,0.3214063079384685,0.4396537286426893,0.7268232278409473,0.9983331308558153,87902925940.54315,0.010499001562599308,0.32242874011964795,0.4383249273635863,0.7314812176890086,0.9983331308558153
16,142,410152976979.94275,0.09343730933343808,0.17165171653995603,0.5492173400838338,0.7508896763065911,0.9613501102523992,410153042690.64655,0.09343730933343808,0.17195071474591989,0.5488795786573535,0.7637865009113352,0.9613501102523992,410372512492.7783,0.09343730933343808,0.17158038146640847,0.545803423503517,0.7623332938308583,0.9613501102523992
16,143,81849641.84852336,0.019929645684791386,0.05807868341708995,0.34866669998003186,0.7489501974922717,0.9279541480643334,79990868.91724205,0.019929645684791386,0.05807868341708995,0.35299097381499944,0.742919542897262,0.9279541480643334,77025889.32884564,0.019929645684791386,0.05807868341708995,0.34967623772126233,0.7385096604421932,0.9279541480643334
16,144,25443023.971896306,0.023670607208836958,0.11743085499604994,0.3618720038263405,0.6423251842694546,0.95173565235158,36743945.5111026,0.023670607208836958,0.13599300373489875,0.36540250042641964,0.6405020191234935,0.95173565235158,27547812.232123747,0.023670607208836958,0.12652437502193004,0.36346536701535376,0.6393301008029011,0.95173565235158
16,145,54571.92084920393,0.025806811383679018,0.21251759838112838,0.6215125432641697,0.76620623822796,0.9636260679982508,94890.07949279479,0.025806811383679018,0.21251759838112838,0.626500440404204,0.7633593804960054,0.9636260679982508,51625.14241323327,0.025806811383679018,0.2125482892636591,0.6136615089300477,0.764774613197518,0.9636260679982508
16,146,94831.5070132247,0.2163340585628596,0.29067096007328197,0.43153019366323153,0.758121537472872,0.9897855222367364,210053.13596946953,0.2163340585628596,0.2927355848512674,0.4316520127086927,0.7608634705068791,0.9897855222367364,81890.04725180505,0.2163340585628596,0.2907327512990463,0.4314453527490204,0.7565255681093749,0.9897855222367364
16,147,22007944.61571385,0.013995849690802697,0.38871802924853793,0.5357769716444535,0.5716266719183807,0.9681424426837681,22103848.62153067,0.013995849690802697,0.389234187854425,0.5357769716444535,0.5689989232511006,0.9681424426837681,22520400.96683892,0.013995849690802697,0.3865037075862316,0.5452896709122699,0.5718776856642682,0.9681424426837681
16,148,305556.9636829588,0.05109907883466425,0.499666911801654,0.5341565369519923,0.7009433179353657,0.9935022627661725,617482.0076948922,0.05109907883466425,0.4933893104678759,0.5328414209820185,0.6888110866813164,0.9935022627661725,296813.18688675656,0.05109907883466425,0.4989281440960863,0.5307166877111278,0.7100179335269932,0.9935022627661725
16,149,2584505.8230173863,0.025841089862207678,0.37915108296140076,0.5404478829058998,0.7723382775142864,0.8965362538592961,3054472.6707865233,0.025841089862207678,0.37934207255508623,0.5404478829058998,0.7595048869012928,0.8965362538592961,2604334.0791466846,0.025841089862207678,0.3858957240700874,0.5421298792316065,0.7669967634317412,0.8965362538592961
16,150,229909631.33807236,0.11788348922567637,0.4489032889123557,0.55780417778374,0.8450927983078983,0.8940791166173481,243939300.93960944,0.11788348922567637,0.4522605735103099,0.5587717517552921,0.8450927983078983,0.8940791166173481,234570511.28408715,0.11788348922567637,0.4585840731337112,0.5574895506181927,0.8472917357044991,0.8940791166173481
16,151,204478139.06273156,0.055092984524642064,0.24712363420454161,0.543149014205357,0.578498506170306,0.9255334072325306,214499521.44906992,0.055092984524642064,0.24726929409474951,0.5442870010984522,0.579326674743379,0.9255334072325306,209462689.24288696,0.055092984524642064,0.24734791904667655,0.5458722292368915,0.5785288144990689,0.9255334072325306
16,152,113496.48774074568,0.19234447196597726,0.582572224256672,0.5837622712536475,0.6699615272641519,0.919493225083841,242911.274947268,0.19234447196597726,0.5814712312093239,0.5854053328003597,0.6718830331595138,0.919493225083841,116868.08771776974,0.19234447196597726,0.582435256349567,0.5835358601198108,0.6728994196390781,0.919493225083841
16,153,655877.7510369007,0.015922286647525152,0.28703779482184916,0.4408394845314251,0.4622769575063034,0.8302461815275677,659921.1187741024,0.015922286647525152,0.2758715362395433,0.4469673557972327,0.4624748859603063,0.8302461815275677,723586.7591507628,0.015922286647525152,0.2912778829879192,0.44149228600874935,0.4626296437382367,0.8302461815275677
16,154,131085.39631724407,0.10310311375578662,0.29756403629108924,0.45635531956462977,0.8082096218977286,0.9964674655243967,181191.13966073262,0.10310311375578662,0.29984566644591953,0.4567692538520016,0.8082096218977286,0.9964674655243967,68728.67286050446,0.10310311375578662,0.29510983637258825,0.4525824486559723,0.8082096218977286,0.9964674655243967
16,155,3932878.7155042584,0.07134989670934855,0.29204454690260473,0.36590938400131534,0.48621533790873805,0.9836115545336828,8949310.06170002,0.07134989670934855,0.29204454690260473,0.36590926520940786,0.4916821331085759,0.9836115545336828,3897099.5057466626,0.07134989670934855,0.29204454690260473,0.3659080977285152,0.49435273221184983,0.9836115545336828
16,156,366242.20726534823,0.0007467003035179776,0.20728436887318313,0.4454294202760839,0.6232421719266725,0.8960786975681816,359431.8840148163,0.0007467003035179776,0.2044652710957605,0.44555302320955664,0.6207216084897428,0.8960786975681816,267691.24423869426,0.0007467003035179776,0.20869316572039653,0.4456727925095392,0.6211987694819845,0.8960786975681816
16,157,80595.2859617606,0.10085452363256653,0.35517161448023626,0.4706963537679164,0.6024581856675942,0.9482213532319806,117746.34572203743,0.10085452363256653,0.37210021712470953,0.4712165523101222,0.6023761851635604,0.9482213532319806,33749.42257832592,0.10085452363256653,0.3784709417950892,0.4711162708941694,0.6027070247428942,0.9482213532319806
16,158,133193.70755201354,0.155743980702008,0.35197987987172324,0.4633633703411756,0.6090955345509805,0.876673778791382,176086.16553997775,0.155743980702008,0.36967995818973126,0.46199659996276865,0.6099454869784555,0.876673778791382,133392.60985643146,0.155743980702008,0.35568493883580177,0.46050172245986076,0.6091659432434093,0.876673778791382
16,159,7599702.073914316,0.019453731287159437,0.4756265634834006,0.7407364888209984,0.7819577246393782,0.9401808355420794,17693378.69700394,0.019453731287159437,0.48288866499097777,0.7511363907021307,0.7841049161969873,0.9401808355420794,8370382.028174041,0.019453731287159437,0.4796886087003801,0.7606136781269891,0.7818489353078988,0.9401808355420794
16,160,42680.4073030162,0.04736188147198739,0.5142347916834702,0.7481713523459339,0.814166133163591,0.9168369622859269,121343.54252242825,0.04736188147198739,0.5159619497909053,0.7642181517850553,0.8193268441086882,0.9168369622859269,11237.892689643875,0.04736188147198739,0.5124241524071002,0.779585999759393,0.8097870765127358,0.9168369622859269
16,161,3070056.326225117,0.031516470509583616,0.18046080773539797,0.39391395017845493,0.7121646971245095,0.8424652154557264,5376254.84664047,0.031516470509583616,0.1870137259156845,0.39391395017845493,0.7121646971245095,0.8424652154557264,3074949.929428489,0.031516470509583616,0.17916256696036306,0.37519604634999726,0.7048239081256131,0.8424652154557264
16,162,13094222.833289795,0.08050056273349993,0.2837301037035808,0.3903191498962647,0.465942594196895,0.9956890410834335,16180114.94465814,0.08050056273349993,0.283120279607721,0.3905665935719933,0.4520184403376338,0.9956890410834335,13259538.44792383,0.08050056273349993,0.2813360344667768,0.39057184432965353,0.4582051348179048,0.9956890410834335
16,163,4172.714355568819,0.0023771799039874475,0.23516080386001667,0.43109957695092704,0.6349154597333092,0.7573508756792355,14640.185062204724,0.0023771799039874475,0.2405710382313802,0.4319127722136822,0.6333595902363163,0.7573508756792355,5487.021492433173,0.0023771799039874475,0.23992741973624937,0.43111455448280006,0.6333595902363163,0.7573508756792355
16,164,6951.461157901401,0.06517745003452391,0.22290129314699164,0.4821497216942351,0.7058940804782177,0.8435211900529255,44137.03665046741,0.06517745003452391,0.22258703795544094,0.46426867295613417,0.7059082679736521,0.8435211900529255,7042.576594493276,0.06517745003452391,0.22302041603431638,0.48652446501722774,0.7051319472657818,0.8435211900529255
16,165,22556.32609548258,0.005357973256002291,0.2987287353605028,0.666345819022151,0.775325597825515,0.9842650988953199,28384.490171554276,0.005357973256002291,0.2987287353605028,0.6413027887465987,0.7701509396716607,0.9842650988953199,11065.724545071302,0.005357973256002291,0.29876570394619834,0.6643273546469979,0.7698879451262483,0.9842650988953199
16,166,628777.6012520295,0.03362311735863588,0.12099290100585841,0.25279263433472354,0.7130351794168255,0.9214499885909379,2029311.3626581742,0.03362311735863588,0.1224303446613734,0.2541395240692441,0.6697395137646334,0.9214499885909379,817961.8372170525,0.03362311735863588,0.11885513004468375,0.2534016530251898,0.7041239071165847,0.9214499885909379
16,167,7755.360460319065,0.0008439809415052846,0.23463782555575852,0.4161369465559488,0.6189393639079722,0.9590490684375419,14962.558464662337,0.0008439809415052846,0.23201101757972634,0.4176810159830021,0.623781951391905,0.9590490684375419,8337.648237163394,0.0008439809415052846,0.2346182769308798,0.4295619045967103,0.6193373069126893,0.9590490684375419
16,168,9204205.34429164,0.04495907075889827,0.1946228553956933,0.37398964214191655,0.46248849542924675,0.8819301090213807,10918820.675506938,0.04495907075889827,0.19581599024838964,0.37585749458910983,0.46065586981827655,0.8819301090213807,9208531.112448214,0.04495907075889827,0.19276837132296484,0.37000838822472315,0.4625828700037025,0.8819301090213807
16,169,60437734.92878801,0.06780811908296391,0.5428047404808323,0.5729503352137664,0.6684462420574637,0.9331041903299608,63447561.26894352,0.06780811908296391,0.5035918163129451,0.5736698913065327,0.6684462420574637,0.9331041903299608,60284158.969197646,0.06780811908296391,0.5517394414506447,0.572094920236639,0.6653956313187126,0.9331041903299608
16,170,28147503.59491932,0.02857785974027005,0.4309043014599466,0.5655599915941129,0.68695075594575,0.9610510867828912,42897903.07286067,0.02857785974027005,0.43108018889195254,0.578020603527399,0.7084955454488322,0.9610510867828912,28320652.353856754,0.02857785974027005,0.43122508965755013,0.6126599582666047,0.6842722023153216,0.9610510867828912
16,171,14814397199.524965,0.025102345655073077,0.13680028620046425,0.6995220562576865,0.899617725253171,0.9885862901993826,13597005760.177362,0.025102345655073077,0.12332314797670912,0.7001669969341925,0.899617725253171,0.9885862901993826,5151390613.0205555,0.025102345655073077,0.13528765528207545,0.6990937453004098,0.899617725253171,0.9885862901993826
16,172,247489.66145266048,0.009827105104399103,0.19641044806673646,0.4838342162033506,0.8951409121306758,0.9753408823860799,213178.89578213706,0.009827105104399103,0.2037374858766609,0.47988526245068486,0.8951409121306758,0.9753408823860799,74304.70341924057,0.009827105104399103,0.2037374858766609,0.4870944583268972,0.896993922584385,0.9753408823860799
16,173,1660256.074632095,0.04431555984824875,0.3814678027402117,0.5362411414468031,0.7879395429005954,0.9081378069019924,1898415.1332202274,0.04431555984824875,0.38720032867394966,0.5422130727233112,0.783158750521544,0.9081378069019924,999902.7386905784,0.04431555984824875,0.38175770539588866,0.5337988138603842,0.782185140864744,0.9081378069019924
16,174,3485783.150240834,0.02999783263471001,0.1810474752879167,0.2505509085152449,0.44665880083339804,0.9162690532623188,4461372.404541,0.02999783263471001,0.18267963453474184,0.2505509085152449,0.4443628553790846,0.9162690532623188,3630464.628560879,0.02999783263471001,0.177529067925359,0.24711425523954667,0.4498242211381217,0.9162690532623188
16,175,1651365.5954012896,0.00825229338803779,0.13676813547541153,0.26333543970281886,0.45158664356029976,0.970484514173027,5807306.328201149,0.00825229338803779,0.12934030202934507,0.26893805987845526,0.4529412043668095,0.970484514173027,1465921.8878062267,0.00825229338803779,0.1221937072300854,0.2623615216657925,0.451659540272573,0.970484514173027
16,176,718164.7349979102,0.10776933932744082,0.29555247216834135,0.5955168332868424,0.8476388078042354,0.9379223155419765,616045.9986273308,0.10776933932744082,0.3480579405648718,0.5903412913715371,0.8415666013187931,0.9379223155419765,277894.9293723564,0.10776933932744082,0.2882408369668213,0.5889906898134882,0.8463920717158677,0.9379223155419765
16,177,30498.70562202766,0.10893147538302816,0.267032437216836,0.3559861849861311,0.618079346665817,0.978346833242,175541.31225590402,0.10893147538302816,0.25338763807370707,0.3560371303336698,0.633579714443855,0.978346833242,32498.144220682592,0.10893147538302816,0.2641755076996958,0.3555320949895595,0.622790144591763,0.978346833242
16,178,139567.7462909241,0.008800735529691739,0.10291617808480413,0.4233686932610571,0.5528657482342458,0.9582858367813222,157473.75597283893,0.008800735529691739,0.11568503587452142,0.42336727896985066,0.5609656070334786,0.9582858367813222,131431.52946145588,0.008800735529691739,0.10400439956878173,0.42304550602229546,0.5473698278935333,0.9582858367813222
16,179,323764.47386810073,0.06541529698324056,0.42043508697633125,0.48978655459625464,0.6704096132230334,0.994670207710918,663869.0430182554,0.06541529698324056,0.45105946738731034,0.47109844649537225,0.6750248939196932,0.994670207710918,344429.4112250338,0.06541529698324056,0.42043508697633125,0.48978655459625464,0.6687881946990912,0.994670207710918
16,180,67038.336943199,0.017404655624626675,0.17570302342022937,0.641032461949065,0.7726480617689967,0.9990471616391534,75291.760427443,0.017404655624626675,0.16777888596470084,0.64022007867417,0.7726480617689967,0.9990471616391534,49695.691253570534,0.017404655624626675,0.17676641217418612,0.6401446311572037,0.7680773811604474,0.9990471616391534
16,181,2448336.157683018,0.08383312286347855,0.20710854442329596,0.4332714145356282,0.503127618101126,0.948343529210903,7220851.733442756,0.08383312286347855,0.1980822070800985,0.4332714145356282,0.503127618101126,0.948343529210903,2196507.5326583325,0.08383312286347855,0.22874975794142716,0.43292442521802255,0.4755225283133938,0.948343529210903
16,182,704952.3071924583,0.06523902258468739,0.2191339543513777,0.46128902861583654,0.6433693831187128,0.8491498136530209,2095310.4081400183,0.06523902258468739,0.2191339543513777,0.4620144655749706,0.6435570894954321,0.8491498136530209,671719.5848818852,0.06523902258468739,0.18506317958385624,0.46056996547723805,0.6431928069338722,0.8491498136530209
16,183,166595391603.5831,0.11846107608473455,0.12885636583732407,0.3081550120564853,0.7474588974073983,0.9394735582771006,157957812838.82816,0.11846107608473455,0.12885636583732407,0.3081550120564853,0.748291088041788,0.9394735582771006,145520279573.81305,0.11846107608473455,0.12885637452159632,0.29560022064399294,0.7504537067257435,0.9394735582771006
16,184,134736.4782220733,0.015386810016554175,0.4176139293033149,0.43611946720952244,0.5097554403690059,0.9071575536330974,467170.20137264644,0.015386810016554175,0.4025086640862211,0.4365945318083131,0.5097554403690059,0.9071575536330974,174196.5520096275,0.015386810016554175,0.40163173780726336,0.4358504629854868,0.5107488071852626,0.9071575536330974
16,185,314579.8608307252,0.06642787872720501,0.5224033368217651,0.7614733167477118,0.7778177838516287,0.9245905297361137,237541.16061960362,0.06642787872720501,0.5250146257303412,0.7613848691165531,0.7864850517285782,0.9245905297361137,93267.7772176069,0.06642787872720501,0.5282630395577064,0.7609169117754497,0.7718633277377828,0.9245905297361137
16,186,21882163.45882506,0.006067101983340595,0.2893078308489591,0.6195590749161037,0.6917260417666476,0.9422748676401069,23358099.85795575,0.006067101983340595,0.28958368656138117,0.6195617463211176,0.6917260417666476,0.9422748676401069,21829509.25691649,0.006067101983340595,0.2925528075538655,0.6195650964905792,0.6949411918016711,0.9422748676401069
16,187,628759.764700267,0.03396687563480383,0.3105850222645673,0.4480892887551106,0.7062426046798908,0.8580815134812412,601190.302130913,0.03396687563480383,0.3090901569639341,0.4452833857023406,0.7091548438990788,0.8580815134812412,464352.2947490693,0.03396687563480383,0.3105850222645673,0.445691608124996,0.7094678780418209,0.8580815134812412
16,188,75486.0511540851,0.01768327333988129,0.08372131340472166,0.15795146907342178,0.5427030652049887,0.9985509432883393,89372.8804343118,0.01768327333988129,0.08372131340472166,0.15795146907342178,0.5471841698486081,0.9985509432883393,61864.335699534444,0.01768327333988129,0.07619311502468905,0.15736783482217406,0.5361546293261111,0.9985509432883393
16,189,2467153.6095227706,0.08441031201325266,0.24297163229717356,0.45237300743154996,0.6880083652813147,0.9679138038630729,2965972.05164873,0.08441031201325266,0.24297163229717356,0.45447100551257236,0.6880083652813147,0.9679138038630729,2775748.7705492866,0.08441031201325266,0.24297163229717356,0.43282363848359656,0.6933384799166753,0.9679138038630729
16,190,1317429.2963567763,0.05962667419051393,0.14481162935927305,0.33368892278274254,0.5235664457499589,0.9565170649024156,1680476.4324244477,0.05962667419051393,0.14707302126870983,0.33361815330915723,0.5235664457499589,0.9565170649024156,1392654.0211530009,0.05962667419051393,0.1435535599116038,0.33370411021425467,0.5235664457499589,0.9565170649024156
16,191,600956.243620684,6.54466197649306e-05,0.28509958629929916,0.544001774366488,0.6971163000281199,0.999796840362248,1309581.2475763324,6.54466197649306e-05,0.28628202168861483,0.5422782120475339,0.6977445246492069,0.999796840362248,590047.9284113715,6.54466197649306e-05,0.2895014739227124,0.5380618378121061,0.6958195358369764,0.999796840362248
16,192,101107.17905781647,0.02861147914999651,0.1896833823104794,0.26086121558138853,0.5908382826419754,0.9041014439833515,133796.61333654367,0.02861147914999651,0.17505379602036952,0.2634549936836259,0.5908382826419754,0.9041014439833515,78237.05820754974,0.02861147914999651,0.19552586451874318,0.26334673656153573,0.5900363104051107,0.9041014439833515
16,193,1750124490464.3206,0.01923414049067107,0.33738959642740707,0.44534093569753064,0.6387600100575279,0.9793065093526226,1726059494400.5073,0.01923414049067107,0.3306680183916585,0.4493195880435759,0.6940037198935367,0.9793065093526226,1731895667242.3167,0.01923414049067107,0.3415171522857195,0.4465702109925104,0.6321383025495889,0.9793065093526226
16,194,254195732.29622734,0.12465352458256507,0.35715029859830827,0.6144386570118463,0.7163087525482335,0.94790014608862,273126657.403482,0.12465352458256507,0.3603655524084858,0.6082623112317249,0.7198379390238019,0.94790014608862,271391866.75925416,0.12465352458256507,0.3630977486416689,0.6082623112317249,0.7151286735455843,0.94790014608862
16,195,13883557.416271731,0.010677391862506047,0.28522862944317257,0.38919193698929366,0.6805680693942707,0.9139938927500075,15519361.455535237,0.010677391862506047,0.28522862944317257,0.40148464839857634,0.671517184045004,0.9139938927500075,14405364.442911303,0.010677391862506047,0.28522862944317257,0.3841655834137052,0.6961035072275388,0.9139938927500075
16,196,197413718.62556586,0.056441851707165425,0.1473184816167949,0.16524787617400466,0.7058083139134365,0.9429505291847361,209280333.17130157,0.056441851707165425,0.14731928078577913,0.16524787617400466,0.6983217453008076,0.9429505291847361,207841662.79629877,0.056441851707165425,0.14748583441268914,0.15983537410729226,0.7036547322013772,0.9429505291847361
16,197,65842.1391956522,0.0737236420643681,0.36286409112474105,0.6152744123203544,0.791943933979334,0.9893994934510799,48862.31580417262,0.0737236420643681,0.3575957023582175,0.6202577908887175,0.7894470878699736,0.9893994934510799,21085.429866231418,0.0737236420643681,0.35589991491246564,0.615872603674064,0.7863973217317697,0.9893994934510799
16,198,90920839.2052309,0.1023319849038179,0.19231228125169889,0.25059135213044725,0.5071868484324318,0.9196938295268767,91190774.67912719,0.1023319849038179,0.19231228125169889,0.25059135213044725,0.5041055597309079,0.9196938295268767,90146629.2663631,0.1023319849038179,0.20448531032391395,0.20857567811498046,0.5062351123223491,0.9196938295268767
16,199,1461238.7680000036,0.05443977588907911,0.5133694570429456,0.7962590960854278,0.8064863812675681,0.9926060761726991,2248423.553559982,0.05443977588907911,0.5133694570429456,0.7975589821848204,0.8063564410050096,0.9926060761726991,248760.7679175133,0.05443977588907911,0.5132699516280158,0.7967731973002852,0.8068076642545702,0.9926060761726991
32,0,4070884.6612418117,0.002189706326108043,0.10736652389905052,0.44447042753844135,0.7408466185011914,0.9694231237737384,7328325.605194018,0.002189706326108043,0.11641159383556812,0.44447042753844135,0.7408466185011914,0.9694231237737384,4795740.417284968,0.002189706326108043,0.111203212769008,0.44447042753844135,0.7477046137636973,0.9694231237737384
32,1,285996254.9896059,0.04955034252638035,0.2980093671050439,0.4596913643240327,0.6272354700733167,0.924757379904169,847080114.0839177,0.04955034252638035,0.3009147498118152,0.45968353427009045,0.6248440195405782,0.924757379904169,282990899.00681543,0.04955034252638035,0.29568362097220674,0.45969489697277177,0.6226164033594873,0.924757379904169
32,2,12106191.46708139,0.03181609799105445,0.29754895654671626,0.6431584296471793,0.7770214600507515,0.9670574309412517,78397758.57012819,0.03181609799105445,0.2999979847021177,0.637923024121281,0.7772920280964665,0.9670574309412517,15875737.541869227,0.03181609799105445,0.29465641443039475,0.640510996785194,0.7751228886155562,0.9670574309412517
32,3,1614013.71583886,0.039430269723753186,0.3106015646234537,0.41457549788263626,0.6052377972423599,0.9965721156124351,2938955.3559040898,0.039430269723753186,0.3123530903136862,0.4147139944851529,0.606566067765807,0.9965721156124351,1721484.815699711,0.039430269723753186,0.3102821177900779,0.41459405336048294,0.6045276876216135,0.9965721156124351
32,4,288711234.377262,0.008274130342147967,0.13587130700020833,0.3354603930151432,0.5749235147888978,0.9820214189327201,313369745.35969406,0.008274130342147967,0.13587476227032363,0.3327961899704033,0.5752280819688442,0.9820214189327201,288345617.2941503,0.008274130342147967,0.13587172180279142,0.333117029727765,0.5749083267357753,0.9820214189327201
32,5,255066.7964996443,0.04927635863690394,0.31719878323042816,0.5981013150125034,0.86254118778304,0.9397831463803404,490126.9987931716,0.04927635863690394,0.33004583925019376,0.602354698017822,0.86254118778304,0.9397831463803404,211978.4097880676,0.04927635863690394,0.3142943047285158,0.603016327181204,0.86254118778304,0.9397831463803404
32,6,2430383.282776982,0.008705727132782504,0.11651827705879107,0.2146277084022855,0.5109980407624745,0.9975506819040311,2662041.7908970895,0.008705727132782504,0.11651827705879107,0.2146277084022855,0.5114442058024743,0.9975506819040311,1840926.6147073226,0.008705727132782504,0.11688861580281726,0.2139722040784007,0.5111180450247189,0.9975506819040311
32,7,483416560.8588043,0.00042888271427665714,0.18289867552598424,0.5517303975560632,0.7612528090076278,0.9236844755703508,486226687.08226496,0.00042888271427665714,0.18289867552598424,0.5531427145527734,0.7617586469000166,0.9236844755703508,482478021.1114422,0.00042888271427665714,0.17098820266704506,0.5520091274382547,0.7609221794688064,0.9236844755703508
32,8,408839.5016596762,0.016763246043733138,0.21664699755789746,0.654690130378417,0.9380386894801209,0.9775473728833693,660718.8923322461,0.016763246043733138,0.21175244947026217,0.6602687016507853,0.9343194403452219,0.9775473728833693,398223.24751415255,0.016763246043733138,0.2159530873887658,0.6523391049033359,0.940902300632217,0.9775473728833693
32,9,41449251.26784104,0.008944852997891828,0.2116147953890005,0.5441817895097723,0.6433821717990852,0.8931541004326784,41314695.39235528,0.008944852997891828,0.21142012239906152,0.5439772265208082,0.634436869007829,0.8931541004326784,41175613.4890958,0.008944852997891828,0.21076644850060494,0.5414526880472377,0.6438028174175306,0.8931541004326784
32,10,139852664.94829446,0.02194980682913883,0.15311169762675492,0.32653676253315433,0.820340926175609,0.9512752412830634,141106795.4087953,0.02194980682913883,0.15230698778395302,0.32553651820417184,0.8229149673469442,0.9512752412830634,137616132.5557309,0.02194980682913883,0.14550516017801568,0.3246146202459083,0.8261866538304374,0.9512752412830634
32,11,450544.03081050067,0.012524577337997167,0.09561579859223962,0.5143197538798059,0.7498825212514355,0.9735758341977087,1164059.3134639817,0.012524577337997167,0.09418428701333421,0.512786652857047,0.7237503430230875,0.9735758341977087,444349.01679273834,0.012524577337997167,0.09623684058927795,0.5134959176288815,0.7520623932654732,0.9735758341977087
32,12,52456905.22196773,0.00020910002505769576,0.2693178664617726,0.4436548961932817,0.7029289803974994,0.900639400646254,42959856.598869175,0.00020910002505769576,0.2693178664617726,0.4436548961932817,0.6910393544979312,0.900639400646254,26704995.010055948,0.00020910002505769576,0.2693014866551324,0.44703010919693587,0.6923734797327622,0.900639400646254
32,13,73211210.79359013,0.0032775388454222565,0.4034151522928597,0.5689570688472478,0.7272363340883089,0.955292744061763,72111296.26284519,0.0032775388454222565,0.4122660755924156,0.5691335687086119,0.7280271199718953,0.955292744061763,61274309.943146236,0.0032775388454222565,0.4037059593326097,0.5686827258794985,0.7268807730187443,0.955292744061763
32,14,10695446.036022268,0.026196834152057313,0.30787939601511594,0.680670902137821,0.9676662703770349,0.9747877070144906,13086360.040269991,0.026196834152057313,0.30787939601511594,0.679880934105093,0.9674327236592366,0.9747877070144906,10511706.31966502,0.026196834152057313,0.30787939601511594,0.6849613203311316,0.9700032671220683,0.9747877070144906
32,15,355003.3629009961,0.002649526498742838,0.17281285507002445,0.3870921546784245,0.698005188732553,0.9569787781089989,586052.0316652796,0.002649526498742838,0.17281285507002445,0.38291174597693367,0.7024426356251631,0.9569787781089989,391368.9139637603,0.002649526498742838,0.1731519913807409,0.39085940201870256,0.7157282684038726,0.9569787781089989
32,16,1215498.3428461268,0.02874142149626535,0.19000417610278683,0.3845256213427699,0.7157825479556993,0.9919686106938023,2314095.567637356,0.02874142149626535,0.19000417610278683,0.38497382716979833,0.7180422032966578,0.9919686106938023,1177797.7020538433,0.02874142149626535,0.2033178418987203,0.384740697203643,0.7156448789774741,0.9919686106938023
32,17,393487.5659027814,0.06543612818141187,0.4302688370093378,0.6583408937880548,0.8239542004694135,0.9818738398027548,617400.1188667908,0.06543612818141187,0.43022217632681364,0.6584741150182163,0.8252421282298656,0.9818738398027548,315519.2449237573,0.06543612818141187,0.43015168147700455,0.6583545797207244,0.8227141074296305,0.9818738398027548
32,18,21605866.03498887,0.07973061474310505,0.3096264315459878,0.47564885203663293,0.7352473592348636,0.9735119882144673,27280448.155129362,0.07973061474310505,0.3081173846288875,0.4750238154565958,0.7352473592348636,0.9735119882144673,22852363.98400979,0.07973061474310505,0.30488346060078625,0.47518207737375506,0.7353952234249407,0.9735119882144673
32,19,92703449.39595433,0.07927924175837853,0.36463310892462386,0.5596078523120238,0.7144583917898878,0.991335509962226,183002313.5756579,0.07927924175837853,0.3664555066880049,0.5595487108933372,0.7260088711243377,0.991335509962226,90857327.12840514,0.07927924175837853,0.36519237674869953,0.5594406746890532,0.7145886497933467,0.991335509962226
32,20,1893698.9636065997,0.013518649102559177,0.13832120225314806,0.28729727650866205,0.5804247778086228,0.9723977196850334,1807737.8236840828,0.013518649102559177,0.13897823511444485,0.31813480187094717,0.5802828801616224,0.9723977196850334,449572.2809225722,0.013518649102559177,0.13892014665550637,0.2870078973757827,0.5799695658799275,0.9723977196850334
32,21,1656540.436636768,4.4505311228792976e-05,0.24700680390116062,0.4764188418030351,0.8306968085417193,0.9737538651664309,3278244.340336418,4.4505311228792976e-05,0.24790595837754967,0.47736674662704603,0.8248283389270126,0.9737538651664309,1556143.0054239049,4.4505311228792976e-05,0.24727034314830643,0.47614157318505,0.8360063009875143,0.9737538651664309
32,22,63865587.445522144,0.024112335902374715,0.2332210829204505,0.4146617336796511,0.6910124855853147,0.9993516396821714,67522999.31168637,0.024112335902374715,0.2332210829204505,0.4147899634567111,0.6912369902590574,0.9993516396821714,65369948.261801325,0.024112335902374715,0.23488050232878305,0.41489449813600626,0.6909273531432287,0.9993516396821714
32,23,1088929608.9901285,0.08250746100298811,0.26695601531565266,0.49950946792286793,0.75372529182318,0.9895709191653813,1135321683.2434714,0.08250746100298811,0.26584273367753103,0.5040477138724847,0.739457907279568,0.9895709191653813,1015546877.1679589,0.08250746100298811,0.26678743317158504,0.49950946792286793,0.7502039137811117,0.9895709191653813
32,24,1016503.8140074909,0.00840769310289513,0.24377644000169824,0.34930036565974426,0.7536338728083382,0.9483954623889216,2605403.485700758,0.00840769310289513,0.2416999017821067,0.3493423446508187,0.7726527709092048,0.9483954623889216,1046601.1118935134,0.00840769310289513,0.2444394005096907,0.34915817930804344,0.7432002239655962,0.9483954623889216
32,25,4880739.426849361,0.016433915400144494,0.31790779344505754,0.5108825786310318,0.7911943611241186,0.9590518133372518,15933676.405413855,0.016433915400144494,0.3255989503720159,0.5108682995275909,0.7911081986683328,0.9590518133372518,5408062.237211456,0.016433915400144494,0.33791077156071053,0.5112110079820263,0.7886248540491332,0.9590518133372518
32,26,14857148.735682625,0.10917110885421932,0.23497436532158011,0.5600636023336998,0.8105390105034744,0.9926522018533063,21660285.98869586,0.10917110885421932,0.2338042280521684,0.5601436145957965,0.8100992142826051,0.9926522018533063,13723866.59409238,0.10917110885421932,0.223869128541446,0.5598365476848396,0.8104322343461935,0.9926522018533063
32,27,11886491.371938992,0.018210774331515966,0.4517728670206854,0.6268440541918936,0.8005419455230348,0.991811519461285,15528151.63668214,0.018210774331515966,0.45408585275647695,0.6265644337141678,0.7969919251296563,0.991811519461285,8670325.804972313,0.018210774331515966,0.4519885706928586,0.6296838224633754,0.7884642249588466,0.991811519461285
32,28,1418579.0444505964,0.06452735265247767,0.27919268669617336,0.5645786603080204,0.8767831194004347,0.9879339785956425,1817572.879511722,0.06452735265247767,0.2821992956061733,0.5589266469339922,0.877739936465046,0.9879339785956425,1404598.6011191986,0.06452735265247767,0.2787243364350825,0.5667151536341484,0.8774246369349054,0.9879339785956425
32,29,3161158.1479026154,0.03677114909390522,0.3512403829820984,0.4778120293507119,0.6372252362268281,0.9694923344663748,4826316.570470971,0.03677114909390522,0.3578480438931684,0.4750359637896167,0.6226865883089349,0.9694923344663748,3107407.7883206336,0.03677114909390522,0.34951979076475487,0.4806606462412559,0.6226543436900798,0.9694923344663748
32,30,63514034.54658716,0.16228980246997227,0.3058453940479244,0.34036032961819007,0.5576536841843418,0.9528193087718806,87688982.91824797,0.16228980246997227,0.3058453940479244,0.34036032961819007,0.5527444344409879,0.9528193087718806,65966850.66163028,0.16228980246997227,0.30583543660322204,0.34036627861516616,0.5584700354032192,0.9528193087718806
32,31,9745871.936732084,0.0023544331455408463,0.08662644118583816,0.2787076589265678,0.5200542668262498,0.9193785950146491,9083042.667083709,0.0023544331455408463,0.08610919674282563,0.27989176066818855,0.519130889202833,0.9193785950146491,7484009.153932233,0.0023544331455408463,0.08676332826265336,0.27786141966429007,0.5195478692116696,0.9193785950146491
32,32,1486220.1761790954,0.0016458475026347452,0.10668139900560088,0.2950042613800049,0.7874992982027342,0.9294220374933829,5281296.088170788,0.0016458475026347452,0.10445825821295826,0.2950042613800049,0.7758311532062697,0.9294220374933829,1473763.2441935644,0.0016458475026347452,0.10529599363515131,0.2950042613800049,0.7905158702708601,0.9294220374933829
32,33,14877083.64002494,0.0006186639940283234,0.2750164011443187,0.35861924983234894,0.7064116781624517,0.9173408700606603,20705627.242111612,0.0006186639940283234,0.2750589613260777,0.35861924983234894,0.7015433643785577,0.9173408700606603,12050072.249452455,0.0006186639940283234,0.2750846808605204,0.35808682831935523,0.7054159754630828,0.9173408700606603
32,34,111322.2218031825,0.04590366260806211,0.33359738821816726,0.5280024927307665,0.7273196918935865,0.9758000391841511,255126.48261465487,0.04590366260806211,0.3412422850165049,0.5302512284769121,0.7273196918935865,0.9758000391841511,98470.01794064244,0.04590366260806211,0.3338415500135253,0.5405628520357821,0.7273125615550963,0.9758000391841511
32,35,12199638.764108501,0.05922288626078487,0.33688419848858264,0.4514508118255919,0.6691623240021334,0.9997008644352753,11762877.644208623,0.05922288626078487,0.3357357678327514,0.4445402856298432,0.6691623240021334,0.9997008644352753,7462468.831820009,0.05922288626078487,0.3369415135243106,0.4509615100159886,0.6535815064654262,0.9997008644352753
32,36,2875080.934210332,0.04428785429882387,0.5051947848200168,0.6517989335289607,0.7421488733396564,0.9908498373664304,3938676.7872513533,0.04428785429882387,0.5092945792656077,0.6526578263056688,0.7398171786496992,0.9908498373664304,2126876.421234029,0.04428785429882387,0.5111227191978391,0.651699324365656,0.7421488733396564,0.9908498373664304
32,37,933483.692014192,0.006082802796646525,0.25862564957000844,0.6698968757072921,0.8437313157444437,0.9810701939830597,2413991.745825293,0.006082802796646525,0.26349593387944426,0.6688559752818688,0.8493827449000658,0.9810701939830597,982292.0196579491,0.006082802796646525,0.2594578918253886,0.6688559752818688,0.8421426687853186,0.9810701939830597
32,38,5662727280.127225,0.013491539861346546,0.21064556262911108,0.4909898355962705,0.7807166128936891,0.9982243071780139,7190266606.540984,0.013491539861346546,0.21267362479442142,0.5148006914537906,0.7816058962591332,0.9982243071780139,5946029876.3256035,0.013491539861346546,0.20944679396787302,0.4890188647909777,0.780743245873798,0.9982243071780139
32,39,24067150.545507398,0.014129317840265831,0.19938332179337864,0.3822765465074504,0.7229664178039494,0.9119289327086366,22514382.467758473,0.014129317840265831,0.19938332179337864,0.3818774109507102,0.7211830018685932,0.9119289327086366,23577156.34008754,0.014129317840265831,0.1998414618777597,0.38242631357328305,0.7229664178039494,0.9119289327086366
32,40,24803590.772837244,0.02407088363763199,0.05251262027406818,0.3672152150069783,0.6281254538431243,0.9944137115652874,28688343.995083496,0.02407088363763199,0.05251262027406818,0.365794795118604,0.6273086997882973,0.9944137115652874,25978799.79043807,0.02407088363763199,0.05306600333937809,0.36742761302837046,0.6273086997882973,0.9944137115652874
32,41,1392404.3149035424,0.008999254099163023,0.37730331655589877,0.44840838794365967,0.6563838392270613,0.9994244464241712,1578295.1763854842,0.008999254099163023,0.37731430112281766,0.44656713329596803,0.6580375712619992,0.9994244464241712,1079262.9659578057,0.008999254099163023,0.3751689271947859,0.44825907980727253,0.6540944598794205,0.9994244464241712
32,42,68356835.87698455,0.027668225754575726,0.25324835221508435,0.5811759188939822,0.7190027649320039,0.9189702332642202,83360658.16832711,0.027668225754575726,0.25400556532998264,0.579624655115137,0.718548728386674,0.9189702332642202,69978745.27140547,0.027668225754575726,0.2529977804339955,0.5712684342318708,0.7181442120549857,0.9189702332642202
32,43,260650998.59939075,0.036037598810509386,0.4472765088962736,0.675308170319628,0.8610040446732714,0.9835103711910165,288649297.20222825,0.036037598810509386,0.4472765088962736,0.677165546130946,0.8603307236680049,0.9835103711910165,275665170.349509,0.036037598810509386,0.4524555314157132,0.6816846116505633,0.8604993608852203,0.9835103711910165
32,44,336183085.1090627,0.0013264290495963449,0.09794797242525183,0.26648415460116603,0.8140119397551746,0.9440791931152615,351373843.78776664,0.0013264290495963449,0.09794797242525183,0.2671913376796992,0.8140119397551746,0.9440791931152615,336134375.6256603,0.0013264290495963449,0.09794797242525183,0.26639863945446535,0.8232527288633715,0.9440791931152615
32,45,13546139.334715435,0.013634504960050475,0.33590135417644373,0.5256488301273358,0.7920849988075497,0.9881524516050081,14703209.93727745,0.013634504960050475,0.3407896525121636,0.5264200203831373,0.7920849988075497,0.9881524516050081,8949632.050720926,0.013634504960050475,0.34256241726961756,0.5261431513658892,0.7920849988075497,0.9881524516050081
32,46,7047344.358154191,0.0015572852782087532,0.21271877246300017,0.38008621470673587,0.6195103763342285,0.9966621229169581,17748460.222364176,0.0015572852782087532,0.21271877246300017,0.382955734779576,0.6194798951878329,0.9966621229169581,7578179.016609685,0.0015572852782087532,0.21271877246300017,0.3799616013061369,0.6195405051394156,0.9966621229169581
32,47,158644.30771814773,0.017690483053030004,0.46361061784961227,0.621336949973541,0.8356523259582072,0.9353690308444071,517895.89640639164,0.017690483053030004,0.46361061784961227,0.6237541538324667,0.8326102567351508,0.9353690308444071,155295.36000891976,0.017690483053030004,0.46426229487131654,0.6205803533411838,0.8356559269644926,0.9353690308444071
32,48,6872202.098689931,0.002524660694423697,0.20119014385338557,0.284055967036413,0.7718886814978431,0.9926679390132488,11191211.90383682,0.002524660694423697,0.20119509485344628,0.27350814029091786,0.7721514762110595,0.9926679390132488,7608105.629974054,0.002524660694423697,0.20119756177300185,0.29211623151411575,0.7712225472576141,0.9926679390132488
32,49,4225877198.337553,0.003569426898520245,0.38347519525892615,0.4365060751314418,0.6885762561088556,0.9840615802342577,4297139713.489347,0.003569426898520245,0.37835552641271797,0.4377101683779786,0.6569845349470852,0.9840615802342577,3613932645.710741,0.003569426898520245,0.38353479129021384,0.4355866413412983,0.7188485762288547,0.9840615802342577
32,50,15203010.135289071,0.004405561535868574,0.2091289423020793,0.42920570908408895,0.6770364380979904,0.9880850736390752,27295530.6774409,0.004405561535868574,0.2091289423020793,0.4295171750958259,0.6868205322919998,0.9880850736390752,11659570.194625968,0.004405561535868574,0.2099209570371341,0.42919865852828243,0.6786603767262684,0.9880850736390752
32,51,30650284.563241575,0.028741012354285833,0.17489261847952522,0.5155243524920979,0.6546906359730141,0.9885780129821259,25962583.982566305,0.028741012354285833,0.2003017905027888,0.5155243524920979,0.6558271637647669,0.9885780129821259,16519134.355802225,0.028741012354285833,0.17569688337204106,0.5177304291962066,0.6558271637647669,0.9885780129821259
32,52,1063665.967294175,0.001292873117000326,0.36413312051354224,0.5738662184396572,0.7256152209874625,0.9722965526769776,1540280.732589152,0.001292873117000326,0.3591290805116314,0.57484517630392,0.7245680155123727,0.9722965526769776,1067721.8018206726,0.001292873117000326,0.36569720137127065,0.5736714021032627,0.7253568963818048,0.9722965526769776
32,53,24231790.495831978,0.006640520267856775,0.4307440294943006,0.5194854134756655,0.7879442151661338,0.9835501048257869,26412081.265497122,0.006640520267856775,0.4307440294943006,0.5201354993468135,0.7879442151661338,0.9835501048257869,18333431.98805586,0.006640520267856775,0.4313810774634202,0.5202364246905165,0.7909915228171874,0.9835501048257869
32,54,4054616259.2466955,0.09539221793201347,0.5241791207625444,0.6928791392683791,0.8250472314323943,0.9498922942837135,10410410148.634214,0.09539221793201347,0.520460715630984,0.6928310280706669,0.8250472314323943,0.9498922942837135,3853248420.077038,0.09539221793201347,0.5208850234851908,0.6957422890511065,0.8329895048292644,0.9498922942837135
32,55,166438586.68610704,0.011501627766526079,0.34762742412969494,0.49315898885463505,0.7701498489259262,0.9856047826413707,283602059.9243513,0.011501627766526079,0.33191852143231093,0.49764144577695685,0.7711302026763585,0.9856047826413707,174889680.34462425,0.011501627766526079,0.34680572852062563,0.4973603542933761,0.7741526520933365,0.9856047826413707
32,56,173260.661603594,0.02747801660737592,0.3183955171268761,0.5332382935687072,0.7361601739692394,0.9527985081800491,426115.6259825858,0.02747801660737592,0.33005123486471977,0.5282411827594771,0.7349865493321863,0.9527985081800491,157742.2314847479,0.02747801660737592,0.31152642501343275,0.5338008756764878,0.7366659221858674,0.9527985081800491
32,57,604639507.0969374,0.004052428316266177,0.3608127682108254,0.5978666943211358,0.7154371066773946,0.9876915388301393,681387239.5507352,0.004052428316266177,0.3577398687920158,0.5984159637578406,0.7238197565089626,0.9876915388301393,624889574.7659,0.004052428316266177,0.36159054955109016,0.5979560266697658,0.7152461607940763,0.9876915388301393
32,58,1075221948176.3503,0.010179902432680632,0.20615702770878408,0.391821699939693,0.7229303315768874,0.9677583686545038,1075224938680.9921,0.010179902432680632,0.20615702770878408,0.3919891109392942,0.7294303822992884,0.9677583686545038,1075383498352.81,0.010179902432680632,0.20641562057083815,0.3910412373252615,0.7218615525928682,0.9677583686545038
32,59,31619962.6235993,0.029439703038116827,0.38506508432171366,0.6503155892983834,0.8100742341425908,0.9709559463365404,74294688.4752204,0.029439703038116827,0.39158406783426375,0.6502346255903904,0.8140137370135964,0.9709559463365404,30667064.13165796,0.029439703038116827,0.38504951153531214,0.6487005601382922,0.8057282997160984,0.9709559463365404
32,60,20965486.379768267,0.05054862147751227,0.205602523492077,0.24756213270553545,0.46302494079636064,0.9718750811184855,31180594.82431872,0.05054862147751227,0.20509344505824517,0.24757524588125418,0.46302494079636064,0.9718750811184855,20311525.431821242,0.05054862147751227,0.20667908556609013,0.24756865109849602,0.45714744405253116,0.9718750811184855
32,61,97937992.45063211,0.03482809380167107,0.1453323229776632,0.4449982434569956,0.8741734523329378,0.9998754552539205,102853156.61715877,0.03482809380167107,0.1453323229776632,0.4487668823475713,0.8741155868727832,0.9998754552539205,99535024.17558683,0.03482809380167107,0.1418009470016071,0.4439298417737722,0.874323075487966,0.9998754552539205
32,62,13610570923.995636,0.009838347334303443,0.24174231898200318,0.5168551351686437,0.6558153830288749,0.9878908213952768,21477740165.82748,0.009838347334303443,0.23966896996279813,0.5209421834698531,0.6735378144245009,0.9878908213952768,16653518290.069233,0.009838347334303443,0.22045296434520073,0.5204984028934916,0.6569888048799161,0.9878908213952768
32,63,143541849.00305378,0.032597988444196035,0.35332757017610444,0.501239369032253,0.7221935350768545,0.9735387261385586,144233711.76258475,0.032597988444196035,0.3520072209821987,0.49745788635447263,0.7307909178057252,0.9735387261385586,56492127.624220364,0.032597988444196035,0.35288140332906714,0.4938694562761552,0.728007208426069,0.9735387261385586
32,64,1218497854.2655654,0.008797337394624405,0.12361647882545303,0.43104960146114646,0.7179318745669946,0.9557643980323747,1384087988.9706957,0.008797337394624405,0.12361647882545303,0.428257790246651,0.7179318745669946,0.9557643980323747,1291988078.725462,0.008797337394624405,0.12912322795036218,0.4297987434078062,0.7186574526575527,0.9557643980323747
32,65,74670942638.05344,0.013026492780896959,0.3004246837979895,0.6189134092815212,0.7536545637934693,0.9791652126355109,72356575967.95244,0.013026492780896959,0.3033421869680474,0.6189134092815212,0.7479643560789621,0.9791652126355109,68067471526.4936,0.013026492780896959,0.3219485135629066,0.615728729204046,0.7521882284304254,0.9791652126355109
32,66,435631.0769952372,0.04219833386039595,0.359289864727529,0.5063979237503003,0.7482001449012905,0.9897255002935578,499927.7952120259,0.04219833386039595,0.36037078700717007,0.5063979237503003,0.749167474585074,0.9897255002935578,398543.191131904,0.04219833386039595,0.36039411910213803,0.5063979237503003,0.7815378041447231,0.9897255002935578
32,67,3307313.3916395544,0.01234175644879587,0.4773873790295838,0.6647036665494441,0.8562927568422957,0.999970979730506,4627662.778853714,0.01234175644879587,0.47702119579315516,0.665725684391413,0.8562927568422957,0.999970979730506,2342215.302151672,0.01234175644879587,0.482621159253846,0.6647001050989405,0.8615965594647431,0.999970979730506
32,68,43955175.0141452,0.0004102100532512587,0.424840849431478,0.6584497112787967,0.8421830587141579,0.9031627540487993,42138425.7639693,0.0004102100532512587,0.42743789491451467,0.658558998852933,0.8444790695060849,0.9031627540487993,32900081.887107287,0.0004102100532512587,0.42453742040168646,0.6587660664063104,0.8432588004552832,0.9031627540487993
32,69,16218384415601.723,0.038096575625198414,0.2036953430798578,0.3951699930453171,0.5619525125949612,0.9969012056559283,16232988393660.37,0.038096575625198414,0.20398163088102714,0.38157532751681833,0.563022985570381,0.9969012056559283,16218384081679.377,0.038096575625198414,0.2036953430798578,0.3960383062500559,0.5615900582834569,0.9969012056559283
32,70,28343730.735587258,0.09849263554182142,0.4667433444821426,0.6531175207737329,0.79794393903468,0.9976774892768119,43582496.609975226,0.09849263554182142,0.4689904576824795,0.6531175207737329,0.8002682319745688,0.9976774892768119,33739894.71191343,0.09849263554182142,0.46608609214887914,0.6501679101413362,0.7978543619087717,0.9976774892768119
32,71,574497584.5038528,0.009004401110185856,0.2815828709020776,0.4458381457560351,0.5703682517874823,0.8806412269904528,621113715.6225936,0.009004401110185856,0.28057810571578545,0.45191838591635936,0.5676393970285427,0.8806412269904528,591833541.6253561,0.009004401110185856,0.28008717678027256,0.4401348676927911,0.5698976426728717,0.8806412269904528
32,72,158424251.34053147,0.010488258431362918,0.11615674385653796,0.295476582292684,0.7717738415976726,0.9836297789538744,160263856.0398459,0.010488258431362918,0.11864463551260393,0.29580369109092636,0.7716678507676551,0.9836297789538744,152472186.83924407,0.010488258431362918,0.11472586113660689,0.2951265719870044,0.7715592752979891,0.9836297789538744
32,73,5916575941.689854,0.022692306587396627,0.29836542679519873,0.6254047508550367,0.6800191522105609,0.9690291584716063,5918625162.605466,0.022692306587396627,0.29836542679519873,0.622249476842404,0.679767823108163,0.9690291584716063,5848962522.577979,0.022692306587396627,0.29837018066203247,0.6246553866860814,0.6808752599483389,0.9690291584716063
32,74,14266742.024420464,0.00022662426120978463,0.36462660888969334,0.6035143921644177,0.916550748924696,0.9776180810729155,42216684.78441401,0.00022662426120978463,0.36462660888969334,0.6070640953453539,0.9171218728610427,0.9776180810729155,19846648.527946487,0.00022662426120978463,0.36349795424936193,0.602669153111351,0.9171218728610427,0.9776180810729155
32,75,3079355.0883243075,0.007274722476669271,0.12885246892935937,0.2467804729589389,0.6723735970962971,0.9936787508602534,11875021.0509189,0.007274722476669271,0.13146174265630758,0.24956379170026577,0.6731150441913759,0.9936787508602534,2926284.6945521287,0.007274722476669271,0.12654540666163624,0.2539516966874429,0.6717306840801718,0.9936787508602534
32,76,441482069.3998509,0.022492471547782,0.30104317169997274,0.6223955786789774,0.7053660145911731,0.9994484642346588,400546122.6878257,0.022492471547782,0.3004966455648093,0.6254200062313597,0.705366010969457,0.9994484642346588,351974157.1066551,0.022492471547782,0.3015385873953286,0.6247847295519264,0.7047570132180386,0.9994484642346588
32,77,1337820023.7192113,0.01177437470185927,0.28526407636331863,0.5788666653914227,0.7149368870073511,0.9481100052272213,1327580901.7537832,0.01177437470185927,0.2777889459420805,0.5771648210955602,0.7157997868636725,0.9481100052272213,1336168721.837628,0.01177437470185927,0.28346031358318535,0.5789734973086569,0.7148596922096806,0.9481100052272213
32,78,8726650.297314515,0.06160729400830056,0.4189153752985475,0.5277797643037057,0.802558844402456,0.9617772834291732,11501054.231204877,0.06160729400830056,0.4194986203520959,0.5278079773637799,0.7892609988517685,0.9617772834291732,9193696.59762226,0.06160729400830056,0.4257605374614337,0.5284973425668631,0.8027000190515472,0.9617772834291732
32,79,19999813.555756275,0.012530881581111708,0.20394514598989905,0.4648638408850214,0.9006580762544873,0.9795458936418284,21519657.78297413,0.012530881581111708,0.2062515517141418,0.4609669410115642,0.8998408863429448,0.9795458936418284,20212934.072032012,0.012530881581111708,0.20583492646165988,0.4649926653003772,0.8975269229105566,0.9795458936418284
32,80,203140183.92739472,0.016462417153962905,0.2700758958006972,0.5665070345415063,0.653024146651643,0.9160645465834518,200424280.97174975,0.016462417153962905,0.2700758958006972,0.5664577945904478,0.6316306452471461,0.9160645465834518,183094476.64409566,0.016462417153962905,0.27059272806500195,0.5657634450071812,0.6281434151071225,0.9160645465834518
32,81,6708940935.460468,0.10209766569882972,0.2020690287564999,0.5958018049221767,0.7687992539034647,0.985253468179098,6748528381.330127,0.10209766569882972,0.2039078956698313,0.594157945622257,0.7733416959918249,0.985253468179098,6738469588.544232,0.10209766569882972,0.20176145284706523,0.5956151594047399,0.7583414363446292,0.985253468179098
32,82,4469315.729757345,0.03916928168644673,0.23249699761908477,0.46026962034052366,0.6932874639357701,0.9813156755510072,10201577.801037207,0.03916928168644673,0.2323075160029344,0.4628564875053456,0.7046674016956161,0.9813156755510072,4558955.614777687,0.03916928168644673,0.2326713266365002,0.4621831207540803,0.6868069038966623,0.9813156755510072
32,83,4112868.8242048933,0.008398716432089337,0.33038162092313644,0.6922291871393783,0.7711068630416138,0.9973936765906759,5357895.351182531,0.008398716432089337,0.3281598948946912,0.697993906175109,0.7711068630416138,0.9973936765906759,2416280.9811002263,0.008398716432089337,0.3295198023688287,0.6921069238989427,0.7719398902449894,0.9973936765906759
32,84,3241060.561061136,0.0035227280945261397,0.5159708434877581,0.6155894549663867,0.6748521356451881,0.9928417547523258,9076545.242191749,0.0035227280945261397,0.5158243378167774,0.6164625303262997,0.6721909572157739,0.9928417547523258,3105156.911606411,0.0035227280945261397,0.5161101481497478,0.6155679811092467,0.6818256397957501,0.9928417547523258
32,85,210784654291.2602,0.010026873624467969,0.3016393959662575,0.5281198823878561,0.6903187741246737,0.9609073826312525,233524362387.39722,0.010026873624467969,0.3061595398573812,0.5261529510195999,0.6903187741246737,0.9609073826312525,211604837663.82898,0.010026873624467969,0.29895149555236433,0.5340433518106349,0.6926290929540192,0.9609073826312525
32,86,16535042.923851015,0.024076028640237723,0.4203214013653535,0.6543399476146206,0.7867309615011905,0.9714843844489186,17307811.897621516,0.024076028640237723,0.41883075882758547,0.640287922549741,0.7877169791502465,0.9714843844489186,16827119.81408553,0.024076028640237723,0.42058740251328885,0.6539753226814746,0.786444557567525,0.9714843844489186
32,87,412166715114.62885,0.004765724806135352,0.3381171633467721,0.6151818294104601,0.7274529170608696,0.994996259874117,408103261559.90295,0.004765724806135352,0.33999686253139844,0.6125603899262609,0.7274529170608696,0.994996259874117,408773032297.45886,0.004765724806135352,0.34042120517257596,0.6142023073405325,0.7246487959964277,0.994996259874117
32,88,21049864.424597315,0.0371445697365711,0.19942488436753908,0.4140087854764066,0.6297506292467282,0.9477936429118039,31914023.792959828,0.0371445697365711,0.19987555424699682,0.41366510565502396,0.6297506292467282,0.9477936429118039,17934323.254864044,0.0371445697365711,0.19887208650108487,0.4139388586581686,0.6297506292467282,0.9477936429118039
32,89,139780946784.64078,0.00345114877998276,0.3398204009931137,0.6649971647387249,0.8500661364136118,0.9889104735388301,117076322773.72047,0.00345114877998276,0.3388351809531129,0.6649971647387249,0.860133540957364,0.9889104735388301,112586844395.7405,0.00345114877998276,0.3380168904552167,0.6649971647387249,0.8611239775579079,0.9889104735388301
32,90,1894169.3058598496,0.0022198948017033704,0.20956505598581718,0.4157574832752601,0.8830924656524257,0.9878658570068167,2527915.664739728,0.0022198948017033704,0.2130771289947934,0.4151592552275454,0.8800286071118786,0.9878658570068167,1041409.96421142,0.0022198948017033704,0.22444274476384263,0.414114830033284,0.8801763570264791,0.9878658570068167
32,91,179511599672.57727,0.06894294241936916,0.33423490399858363,0.6948164513485207,0.8148140643477537,0.9752346178023464,179515312926.13284,0.06894294241936916,0.338773903793422,0.6950286665138522,0.8152659662440593,0.9752346178023464,179261245139.87592,0.06894294241936916,0.3413341808798267,0.694434801390466,0.8147843028633708,0.9752346178023464
32,92,280392144.72823745,0.1388381646153959,0.30242520710628484,0.3872938827990601,0.7716123257431422,0.9839863102501106,318071205.051026,0.1388381646153959,0.3068392001275807,0.39178086657576927,0.7708293872451377,0.9839863102501106,280128945.85165393,0.1388381646153959,0.2994038624287522,0.3866057125698701,0.7718610026157093,0.9839863102501106
32,93,8140018.347372159,0.1308265614336358,0.6344002437492542,0.7098096291364863,0.9044833568212667,0.9936776420634965,9488164.180052893,0.1308265614336358,0.6342796142632331,0.7102660547028574,0.9045384462759022,0.9936776420634965,7229677.593329379,0.1308265614336358,0.63423798211818,0.7112963009404887,0.9044359071697429,0.9936776420634965
32,94,5049532.452145545,0.008482278076439087,0.18953340447359843,0.5758138034694129,0.6196456959159514,0.97705876959085,8025973.783878271,0.008482278076439087,0.18888984845110413,0.5265950006189081,0.6196456959159514,0.97705876959085,3967496.441527317,0.008482278076439087,0.19526079309868363,0.5652546750587354,0.6196456959159514,0.97705876959085
32,95,6108710042.671833,0.0024800177208862406,0.061825094425248105,0.3288367720966046,0.6691600569328822,0.9901884195889609,6566249739.144194,0.0024800177208862406,0.06448694151676328,0.3322105627299685,0.6691600569328822,0.9901884195889609,6130587984.203386,0.0024800177208862406,0.061411157562396956,0.32863371679802045,0.6700433090886813,0.9901884195889609
32,96,12786910.526330292,0.011034627944482511,0.1522636909149015,0.2420077542339097,0.5406197995468338,0.9834341475170797,16880614.09746067,0.011034627944482511,0.15326249083529114,0.24785262496730137,0.5293126292777668,0.9834341475170797,12946690.293937586,0.011034627944482511,0.15266608185267233,0.24206066577971336,0.5296529064952943,0.9834341475170797
32,97,4931202090.374626,0.017966133362333325,0.17753691998927829,0.5386033731186642,0.7785413350449782,0.9896469520077296,4985064718.146598,0.017966133362333325,0.18076016890436583,0.5421773853590801,0.778462836173757,0.9896469520077296,4967972865.102049,0.017966133362333325,0.17874754226514245,0.5453900122064379,0.7785413422753387,0.9896469520077296
32,98,3483234964.5987105,0.026279576406769145,0.15435795662402513,0.32082718167414054,0.5401676532595707,0.8890095999200969,3406030132.0485053,0.026279576406769145,0.148694093166439,0.3226062751283092,0.5400356831780398,0.8890095999200969,3294252328.5531597,0.026279576406769145,0.14515933703665174,0.31972634249173304,0.5398203790970574,0.8890095999200969
32,99,3756756072.0855026,0.08395573780030174,0.3045156860783486,0.446845983322947,0.7327423477793477,0.9194966072474781,3687936996.28548,0.08395573780030174,0.3146091787317207,0.4468456452671573,0.7372013521443257,0.9194966072474781,3646100065.516791,0.08395573780030174,0.3092754257346812,0.44744193852727326,0.734541298015284,0.9194966072474781
32,100,1915949191.0753374,0.02908055475036475,0.33526166212836894,0.6390698774077997,0.8253017240179759,0.9536823628457778,1970522633.0310318,0.02908055475036475,0.33526166212836894,0.6393893140710705,0.8246159353974387,0.9536823628457778,1935807112.2271256,0.02908055475036475,0.33551971854209606,0.6392765951540638,0.8262443421964125,0.9536823628457778
32,101,897359.1498806825,0.020463355689317564,0.27582377234194,0.4663425825160159,0.6434202950485233,0.995114067115751,1587528.2654858883,0.020463355689317564,0.2820020260093795,0.46690198019529106,0.6457913222602703,0.995114067115751,1051472.344803478,0.020463355689317564,0.28163588804536915,0.46690198019529106,0.6417980361272555,0.995114067115751
32,102,12313993.36667242,0.052056448971548264,0.19850362983444955,0.40609631926591366,0.6779833025394358,0.9933626955936489,12725253.757396402,0.052056448971548264,0.1948303280652207,0.40591349963939943,0.6658948224402392,0.9933626955936489,7793308.895311508,0.052056448971548264,0.19842790905251964,0.4079175249349749,0.6800152102335106,0.9933626955936489
32,103,68069955.07912248,0.029971804737686347,0.1637547078689099,0.2713634555027901,0.7337315814318577,0.9963366116027133,62742392.247144416,0.029971804737686347,0.1640303122031221,0.2753163779243122,0.7200022986723297,0.9963366116027133,29926162.35090082,0.029971804737686347,0.163817158059334,0.2711794171555577,0.6545304910498375,0.9963366116027133
32,104,4233703.317063435,0.02110701978965812,0.3046089838378718,0.6062027159889187,0.7703833755010823,0.9907200270005534,5580793.981687492,0.02110701978965812,0.3154028713452123,0.6062027159889187,0.7697442939709486,0.9907200270005534,2772510.3138035224,0.02110701978965812,0.30217656598970993,0.6061422709276137,0.7733820378422969,0.9907200270005534
32,105,27730938.73975718,0.015414597297244259,0.20099294998081466,0.2898479177592911,0.5648584687188418,0.9453252329747422,30361205.654109042,0.015414597297244259,0.2002510321764093,0.2946079090477993,0.5642498727842408,0.9453252329747422,27082103.2382882,0.015414597297244259,0.20252519832621227,0.2866732004631117,0.5648745903677412,0.9453252329747422
32,106,180374834.8580478,0.019757564027068186,0.18344829141455582,0.33593233398123024,0.7788928956427019,0.9092236909549265,191679008.3346613,0.019757564027068186,0.18128401665890131,0.3310069291883223,0.7784284626760233,0.9092236909549265,180739813.85520452,0.019757564027068186,0.18334853144403204,0.34135682796925837,0.7791510851229497,0.9092236909549265
32,107,652991172.6588044,0.010338695019696531,0.12785294505153072,0.3870907266225605,0.8037382470888266,0.9810445997274879,1164204990.5954804,0.010338695019696531,0.12955141631367978,0.3859441996121187,0.8044158194113097,0.9810445997274879,795685239.1857983,0.010338695019696531,0.12754661158956146,0.387348772706839,0.8033734486401414,0.9810445997274879
32,108,31326050.605386563,0.012014887414970254,0.29438143498409075,0.5607248326064995,0.7772495563321062,0.9488209442704925,47402612.767414995,0.012014887414970254,0.29480352239467056,0.5654997760246883,0.7887913014643669,0.9488209442704925,28350621.604409564,0.012014887414970254,0.29419268434908574,0.5584322712822697,0.7932181442546447,0.9488209442704925
32,109,871047024.3152035,0.020501871655539627,0.19124157138245457,0.767678992787071,0.8828237283976803,0.9984523224423705,818234891.9908853,0.020501871655539627,0.1904337045329449,0.7675388257754625,0.8652915654713389,0.9984523224423705,729329730.9868035,0.020501871655539627,0.1908891526504764,0.7673362682867482,0.8829742403373064,0.9984523224423705
32,110,8734583854.36514,0.019065452771787395,0.3444490747856589,0.4157437308787246,0.545225416052106,0.9701774354850835,8801070509.286438,0.019065452771787395,0.3444490747856589,0.4160628079973473,0.5469848047449339,0.9701774354850835,8848846211.849815,0.019065452771787395,0.3444490747856589,0.4156564008070702,0.5481518256040274,0.9701774354850835
32,111,1776047.4588120985,0.02821026362284418,0.17566213742396197,0.5068152596509101,0.5414049457325474,0.9820647657822057,3934059.18739522,0.02821026362284418,0.17805193558674048,0.5069355005296122,0.5461500301337363,0.9820647657822057,2479506.5850494,0.02821026362284418,0.17417285682653483,0.5069355005296122,0.5413852606659502,0.9820647657822057
32,112,246873296.37056336,0.009327093980655676,0.44341022963663534,0.6245673704496089,0.7787217686490358,0.9479992397422463,252918169.53773516,0.009327093980655676,0.44341022963663534,0.6193154914803349,0.7796456568056958,0.9479992397422463,239207289.10888782,0.009327093980655676,0.44341022963663534,0.6236385136957383,0.7747474519911959,0.9479992397422463
32,113,15573584.771799905,0.012573344672285991,0.3494645150598354,0.6379142797370188,0.8514800558011959,0.9837543432986395,18454807.24264916,0.012573344672285991,0.3494645150598354,0.6376104012936357,0.850808898987935,0.9837543432986395,16358843.212749114,0.012573344672285991,0.3551735492977747,0.6400633476515352,0.8510400736433839,0.9837543432986395
32,114,39333717.65387983,0.0896478149116855,0.2506039255621848,0.536737127613014,0.8766342515721088,0.9721556460109749,102218232.75160128,0.0896478149116855,0.23487255977090882,0.536737127613014,0.8774338613783325,0.9721556460109749,34575752.943549916,0.0896478149116855,0.24668135384442277,0.5380710764994449,0.8760973065628668,0.9721556460109749
32,115,18785860.747721873,0.009838592768008803,0.17602161134551175,0.4888562363383327,0.6379035126039789,0.9789110655931342,20194311.256365664,0.009838592768008803,0.17602161134551175,0.49020828544730805,0.627284656262652,0.9789110655931342,19120273.335929204,0.009838592768008803,0.1739402720293719,0.48889274490775736,0.6128421108183755,0.9789110655931342
32,116,17105808.22607461,0.015439987907442276,0.25641951775906524,0.34615333956857264,0.5593837366004678,0.8342422494894149,17000429.17051376,0.015439987907442276,0.2560301425012895,0.34615333956857264,0.5573102605418973,0.8342422494894149,15853663.27926139,0.015439987907442276,0.25621609921007676,0.33869646081805194,0.556311995017456,0.8342422494894149
32,117,34334473.120389625,0.020128308444738008,0.19628616147288186,0.49947529944002717,0.7454488080295927,0.9818372097893948,38662845.201659195,0.020128308444738008,0.19628616147288186,0.49021180322994146,0.7452183078069752,0.9818372097893948,31994895.36399306,0.020128308444738008,0.19628616147288186,0.4823146525144351,0.7450064350647246,0.9818372097893948
32,118,26294193.6909698,0.015847926860331762,0.28126035651848613,0.49026820723655384,0.6297346059897212,0.9708189175198537,25946940.699985936,0.015847926860331762,0.28074819079281643,0.49026820723655384,0.6297080573913859,0.9708189175198537,16383114.263582572,0.015847926860331762,0.2757103725947878,0.4910258100703072,0.6293244886115625,0.9708189175198537
32,119,100889389.06635362,0.02565405096137674,0.2815531392572158,0.5096255769344775,0.7962387732824968,0.9349275529176158,230574074.7869866,0.02565405096137674,0.29796764923833036,0.5124016600193328,0.7937148022673534,0.9349275529176158,112550105.40165676,0.02565405096137674,0.2739857026543693,0.5088223809163109,0.7962094983062414,0.9349275529176158
32,120,15049865167.949854,0.024664687853041656,0.0727350424495829,0.2219651500046417,0.7519047998176344,0.9812236393196787,14644068725.297377,0.024664687853041656,0.0727350424495829,0.22171754477387626,0.7519047998176344,0.9812236393196787,13475011823.889776,0.024664687853041656,0.0727350424495829,0.22159030690747877,0.7503581735543897,0.9812236393196787
32,121,1586420.083017025,0.03602203476485277,0.48306250983398114,0.6483226196967109,0.7553050213339336,0.9722014121724064,1757928.6153004987,0.03602203476485277,0.48225617715495017,0.6394949520088277,0.7553050213339336,0.9722014121724064,1212005.4004679264,0.03602203476485277,0.4828558900949024,0.6022282628375826,0.7566471678160863,0.9722014121724064
32,122,17050256.444090232,0.025594912508051793,0.10267612169216615,0.33447725102268966,0.5480545440377037,0.9792265288631639,18647850.95346783,0.025594912508051793,0.10996781161617586,0.33905772315895855,0.5482085560540738,0.9792265288631639,14303989.128174657,0.025594912508051793,0.10518327326269888,0.3344536226975319,0.5479538973169062,0.9792265288631639
32,123,18261921.981289484,0.035865679640918025,0.28125318984244807,0.45298317236492536,0.8063795099822479,0.9719671158042836,18823852.834416002,0.035865679640918025,0.2769607980033828,0.4529085135770488,0.8071068330196346,0.9719671158042836,18548381.375038903,0.035865679640918025,0.2853350401647517,0.452802464037017,0.8061692411488224,0.9719671158042836
32,124,2594207.217505342,0.018275748079819132,0.2462554044522258,0.4699317538892168,0.6684429535804928,0.9874277112273158,3392494.851622617,0.018275748079819132,0.24924684006443087,0.47349918546311187,0.6684429535804928,0.9874277112273158,2112692.7840090697,0.018275748079819132,0.2473015839953529,0.46711526966669414,0.6684429535804928,0.9874277112273158
32,125,118389869.00831908,0.08623170796712443,0.20817899507453663,0.3569699765931253,0.7072220924367354,0.9559831681053959,129212128.398133,0.08623170796712443,0.21912991822692307,0.38171498212816035,0.7172807748252672,0.9559831681053959,118909411.3439968,0.08623170796712443,0.20806836455351074,0.3608292315946747,0.7419166445015719,0.9559831681053959
32,126,504946.1462464105,0.002571853051704376,0.27818536110876085,0.45184715513294993,0.6929197435396617,0.9346256510455968,954808.1848183786,0.002571853051704376,0.2800881931770851,0.44834327534325635,0.6929197435396617,0.9346256510455968,463877.3787398867,0.002571853051704376,0.27880713099427495,0.45232183472652554,0.6929197435396617,0.9346256510455968
32,127,1861011.5645076907,0.0023159077771716108,0.2847409678166284,0.4648028923810418,0.682508053997706,0.9378264283198777,4041009.3812498255,0.0023159077771716108,0.2846904874145172,0.4666449758778986,0.6826492737046033,0.9378264283198777,1402539.9523253676,0.0023159077771716108,0.28460229401949383,0.46438005041873864,0.6827877425710431,0.9378264283198777
32,128,57573271.86189999,0.024193661188123827,0.29121832313193413,0.4930222552772494,0.5096733888033956,0.9619879129417566,52532284.43996668,0.024193661188123827,0.29455785270168006,0.4930222552772494,0.5134473176213737,0.9619879129417566,39708760.32429426,0.024193661188123827,0.2925015064937107,0.4985670586776405,0.5091571233897212,0.9619879129417566
32,129,706695270.9195105,0.01739429066178655,0.13606547675352038,0.5236453391005222,0.967652434618977,0.9890462604298964,714054560.4510081,0.01739429066178655,0.13606547675352038,0.5206875975383716,0.9566604246937125,0.9890462604298964,693502821.9437082,0.01739429066178655,0.1346783477337129,0.5212529179851977,0.9675992511251734,0.9890462604298964
32,130,8817335.048296733,0.05040168135490175,0.2177014830209734,0.3704978691395393,0.573615050668541,0.9607166012630899,26050457.262797736,0.05040168135490175,0.2187879766795541,0.37139398844350696,0.5713199168768892,0.9607166012630899,6276014.212118532,0.05040168135490175,0.21608820639584014,0.3704978691395393,0.5743719328533606,0.9607166012630899
32,131,18088825937.1023,0.0140169982876851,0.28641502443613986,0.45434420932732866,0.7801111193787043,0.9918364743966528,18088559476.293564,0.0140169982876851,0.2831583612597156,0.45434420932732866,0.7793228040509081,0.9918364743966528,17573662636.110767,0.0140169982876851,0.28330978599705847,0.45434420932732866,0.7784600185380579,0.9918364743966528
32,132,7075816.799898402,0.007055737076479329,0.24276269794007505,0.3967252004008571,0.7041703167401527,0.9834225364270096,9778696.576027038,0.007055737076479329,0.24198118401641402,0.39518032260524866,0.7041703167401527,0.9834225364270096,7063256.944375239,0.007055737076479329,0.24245301366499558,0.4009041035857031,0.7091415361509991,0.9834225364270096
32,133,1811817.4031154197,0.009646332181711514,0.15095266557656697,0.2934668952015358,0.5713540511487506,0.9457404901043341,7028137.488131346,0.009646332181711514,0.15121525531439756,0.28876479874922195,0.5680412985656413,0.9457404901043341,1804262.1799972048,0.009646332181711514,0.15095890052920777,0.29526091014169875,0.5798831911770291,0.9457404901043341
32,134,36506067.130815424,0.011143631654375041,0.23216229804097704,0.617241621022192,0.8056031230190821,0.901996712625451,34395645.69906153,0.011143631654375041,0.2332915205765506,0.6170912411081928,0.8066144966796328,0.901996712625451,16820741.605190434,0.011143631654375041,0.23195544655462702,0.6178314148350329,0.8045198809411611,0.901996712625451
32,135,78517048.33192171,0.12175655318942769,0.27999428786209923,0.5643000784184373,0.6826089606098555,0.9835948892563104,89183013.2859236,0.12175655318942769,0.2776463315972153,0.5746499641693856,0.6795278202643701,0.9835948892563104,80468494.6129696,0.12175655318942769,0.27751134196255406,0.5670470236718201,0.6832183354909834,0.9835948892563104
32,136,2254087750.8451195,0.031011508871386706,0.15107138562809497,0.3700197252220233,0.561511381757859,0.9910851247387717,2254709939.5700693,0.031011508871386706,0.15098735152084708,0.3700197252220233,0.5478049433124876,0.9910851247387717,1811550679.5233734,0.031011508871386706,0.1538700486795951,0.3704410505323119,0.561299547731696,0.9910851247387717
32,137,50015407.24227967,0.009698257479574646,0.33033588184787405,0.5092267534884378,0.6880531316688329,0.9993177677828158,60099048.10245944,0.009698257479574646,0.33260906755858327,0.5075410747125884,0.6880531316688329,0.9993177677828158,51887359.08644082,0.009698257479574646,0.3342363603225794,0.49745091593840907,0.687592184305398,0.9993177677828158
32,138,15390572.867616331,0.05466411681869077,0.2437907746188948,0.3637337581816602,0.554146014860798,0.9753005600348865,107360721.07779929,0.05466411681869077,0.24386997939694713,0.3637337581816602,0.5506331408845536,0.9753005600348865,16724923.61740989,0.05466411681869077,0.24372653595171395,0.36469575835197815,0.5541841263517455,0.9753005600348865
32,139,307598.6392381957,0.046064050568367376,0.2756956052394295,0.659763850622306,0.698929150268977,0.9717883813722054,876796.7101508529,0.046064050568367376,0.275693532854892,0.6596330385919495,0.708060437648911,0.9717883813722054,185810.011649338,0.046064050568367376,0.2757111991456135,0.659650671495686,0.6995525954807114,0.9717883813722054
32,140,39342993.397554226,0.02372426647161585,0.29342996418227485,0.5449553542703447,0.6945919847894622,0.9838125281396203,41836630.4217307,0.02372426647161585,0.2942133211525371,0.5359119259905779,0.7026582676702073,0.9838125281396203,38334557.293031506,0.02372426647161585,0.2942133211525371,0.545901859661548,0.6947579078685028,0.9838125281396203
32,141,53447012.74648043,0.10125718621273261,0.25111232772236053,0.4051043149597081,0.7451580675554418,0.9346137402766587,74794264.40600532,0.10125718621273261,0.25087552809711394,0.39768200490188504,0.7460798191213994,0.9346137402766587,56115981.44285315,0.10125718621273261,0.2509830745684495,0.42575409695894667,0.7462852403897581,0.9346137402766587
32,142,17909200.74163758,0.004302261232295601,0.05876214883955442,0.2815722693531861,0.6262200056226229,0.9872267124038574,21053147.241998274,0.004302261232295601,0.06126862363472629,0.3031655379106809,0.6239852110102471,0.9872267124038574,11819744.965564203,0.004302261232295601,0.05854453966012448,0.2699711484546442,0.6283447339264462,0.9872267124038574
32,143,34785083.030851945,0.06229746423265703,0.3071458006301869,0.4006530816903071,0.7488432146382074,0.9603409494265268,35137758.730779,0.06229746423265703,0.30926847987093853,0.4055541344768937,0.7488456423707062,0.9603409494265268,19433730.445453856,0.06229746423265703,0.3071472272958177,0.3991784795590936,0.7468511949720464,0.9603409494265268
32,144,2519488.100493267,0.004925946874828502,0.11100621604815797,0.4890101922923432,0.7269764862851846,0.9573313797069419,4513180.293023533,0.004925946874828502,0.11100621604815797,0.4899471396095364,0.734016944871022,0.9573313797069419,1586509.8492547558,0.004925946874828502,0.10225259952787169,0.49128188166976916,0.7274848390814392,0.9573313797069419
32,145,47752390.05718196,0.009149842511077644,0.33129125297720596,0.7115492100075813,0.9064071063313855,0.9985161445869557,60586203.013854,0.009149842511077644,0.32967779508068734,0.7192001636567281,0.9057252483037164,0.9985161445869557,50989128.626150176,0.009149842511077644,0.33129125297720596,0.7067906948957966,0.9062490375475271,0.9985161445869557
32,146,31007853.267624013,0.00569822192125824,0.2819305358536849,0.45827182578832787,0.6132410338465373,0.9962069223041756,81030588.47127968,0.00569822192125824,0.29216309104866556,0.45255514930954677,0.6132410338465373,0.9962069223041756,30811704.863766424,0.00569822192125824,0.27998549302875697,0.46113916157154666,0.611364424427651,0.9962069223041756
32,147,26810275.392572425,0.009227511425023982,0.22219010271031858,0.48855700987995926,0.7670036100096973,0.9921965438930589,29526390.303314786,0.009227511425023982,0.2197870547809845,0.48905041619471856,0.7625493047154617,0.9921965438930589,27354560.794373676,0.009227511425023982,0.2197870547809845,0.4884682376428766,0.756516891049439,0.9921965438930589
32,148,5041285.278840072,0.001123840684404409,0.2589864842125584,0.45447748458560155,0.6714169285061837,0.9803756376199207,4253604.629440034,0.001123840684404409,0.2690598122202637,0.4614016046022506,0.6695197563805639,0.9803756376199207,817760.7488488087,0.001123840684404409,0.2778205451652687,0.4614016046022506,0.6710998476207205,0.9803756376199207
32,149,1399448.4814537973,0.0002131034125170128,0.33306355422395134,0.4566593574608296,0.6864878567306554,0.9979313013364498,2750737.8695256524,0.0002131034125170128,0.3335280841345094,0.45999379265081985,0.6863461350611795,0.9979313013364498,1238720.60393453,0.0002131034125170128,0.3328353041313,0.4561273455796957,0.6762270855250471,0.9979313013364498
32,150,93811.51772278393,0.017009778218719185,0.1528033050059491,0.3379513716463809,0.6688066376298409,0.9996946456643748,151378.227911212,0.017009778218719185,0.1527515827673606,0.33994617814447226,0.6600466561718795,0.9996946456643748,67716.24791253648,0.017009778218719185,0.15313850450403244,0.33939365893152373,0.6567569851107788,0.9996946456643748
32,151,1332237.9571694108,0.021654831752227044,0.26368645516793027,0.39075364556394687,0.7313821715160426,0.9730383313752755,2282874.967469865,0.021654831752227044,0.26409593871634085,0.3894531803274457,0.7304226661831326,0.9730383313752755,1353479.2768966865,0.021654831752227044,0.2637637937087629,0.38970737123367694,0.7263775331212052,0.9730383313752755
32,152,1415171153.1679406,0.011287384836623726,0.2876452524474383,0.4735671919407223,0.8423500652864753,0.9782624751251927,1234900673.0308661,0.011287384836623726,0.2880274029950155,0.4735671919407223,0.8451155083149295,0.9782624751251927,1035785738.2148087,0.011287384836623726,0.2849471481060694,0.47373323386949684,0.8405194680694019,0.9782624751251927
32,153,3379656.787242621,0.031783585096518796,0.2562882409826061,0.3989223730981508,0.668755687286906,0.9984948337248185,3206585.752137198,0.031783585096518796,0.25798615573317785,0.3959184512996856,0.6687519616089772,0.9984948337248185,2103287.940453245,0.031783585096518796,0.2561619802196387,0.3989223730981508,0.6672910956835655,0.9984948337248185
32,154,1837597.300204975,0.008476702652304602,0.20873240156247558,0.39481480561008087,0.5868708869956669,0.9951406770206718,2264896.9621288846,0.008476702652304602,0.2087277503132699,0.3947130726696122,0.5854384059579756,0.9951406770206718,865995.7216115622,0.008476702652304602,0.2086777383613804,0.39462571962669546,0.5606326616198722,0.9951406770206718
32,155,594427589.0709054,0.003456606301392662,0.1983865763799788,0.38479613328957857,0.5803452830785709,0.9974432887248064,594427819.8056406,0.003456606301392662,0.19871947059153788,0.38479613328957857,0.5761123374507227,0.9974432887248064,577476244.6092484,0.003456606301392662,0.19966043345431994,0.3904186866021213,0.5803452830785709,0.9974432887248064
32,156,99184.56306273294,0.007471078095677819,0.24586312747697678,0.4823814573076182,0.812595027330663,0.9917298572495005,455158.14655214554,0.007471078095677819,0.25260772741116455,0.4823601250519838,0.8160561767176198,0.9917298572495005,67527.99386873719,0.007471078095677819,0.24339016542530378,0.4820971329570005,0.8126160636945388,0.9917298572495005
32,157,1115587.0690513202,0.03309175877312709,0.2607990635459343,0.37735715186587715,0.5595551337258704,0.9833653700021378,2413856.550006206,0.03309175877312709,0.26014515160337714,0.3789975082198491,0.5595551337258704,0.9833653700021378,1130113.3218806866,0.03309175877312709,0.2613141227522737,0.3765723498927851,0.5595551337258704,0.9833653700021378
32,158,14329122.646169437,0.01665964418118726,0.3614809131808063,0.5980772916865613,0.7280395123226676,0.8802602261813021,27445255.317546107,0.01665964418118726,0.3644407779510762,0.5936521435952555,0.7232464379691421,0.8802602261813021,19761505.112613566,0.01665964418118726,0.3608021522317612,0.5998583673706075,0.7287777497784743,0.8802602261813021
32,159,15793660.559397336,0.05858040811352083,0.23708813189847822,0.5697185753052515,0.8128050976259178,0.9950608599111681,17323494.827034596,0.05858040811352083,0.22808982242319534,0.569255882434702,0.8087060499506382,0.9950608599111681,9037504.199965507,0.05858040811352083,0.23869444555502797,0.5690435852908255,0.8134719989404278,0.9950608599111681
32,160,1280186.9328589484,0.012937204023333648,0.19681038472051704,0.3886906614862309,0.7392635183067526,0.9509741496353402,3280374.304970775,0.012937204023333648,0.19681038472051704,0.3863369338419294,0.7280960904332927,0.9509741496353402,305502.4065037211,0.012937204023333648,0.19621463204433903,0.3943608907508468,0.7370709793139838,0.9509741496353402
32,161,858579.232589835,0.0004360529327028795,0.27459319880938127,0.5710095784062238,0.6719817981373402,0.9680234029243345,2366399.312432062,0.0004360529327028795,0.27459319880938127,0.5710095784062238,0.6709639595544822,0.9680234029243345,891632.108708215,0.0004360529327028795,0.2515345158117547,0.5714074891875147,0.6709586332405679,0.9680234029243345
32,162,2963181108.2919426,0.06673153564435219,0.4654557110397696,0.7295006785397483,0.8375355990846709,0.9959169693712047,2934143040.861227,0.06673153564435219,0.46978515440220114,0.7565156173161253,0.8376618327697167,0.9959169693712047,2938252146.897122,0.06673153564435219,0.46944039086002476,0.7157397324316127,0.8374883383815974,0.9959169693712047
32,163,1930282083.523298,0.017144708273372222,0.10030278657578501,0.3070207301965937,0.8416978073894927,0.9722171433555294,5784379151.533887,0.017144708273372222,0.09940534663014186,0.3657466483783538,0.8409468630903092,0.9722171433555294,1854133569.1306064,0.017144708273372222,0.10034281638114118,0.30386775983296943,0.8418172904105762,0.9722171433555294
32,164,17469022843.74648,0.005084444656820786,0.20102679604989165,0.40293180818926333,0.6062446218325429,0.9987638181619475,17616414735.60927,0.005084444656820786,0.19203419267181293,0.40293180818926333,0.6136007303055021,0.9987638181619475,15256726865.65737,0.005084444656820786,0.19328130791872591,0.40293180818926333,0.606167844795985,0.9987638181619475
32,165,50581332.83989618,0.02301858857344652,0.2820771382939496,0.7226200185937257,0.810989303935743,0.9986345604140571,155381625.24975106,0.02301858857344652,0.28261590276933324,0.7200137272871272,0.8113605084520373,0.9986345604140571,40692044.80308351,0.02301858857344652,0.2836299290105633,0.7225768067387124,0.8106785730293051,0.9986345604140571
32,166,384323024.8100522,0.0009678311211825941,0.2993753992754718,0.4930099622556212,0.5596255421116606,0.9779505931061422,393118212.81922734,0.0009678311211825941,0.301038863057689,0.495203544393885,0.5598804675722449,0.9779505931061422,367296234.67665464,0.0009678311211825941,0.3000201640049826,0.4909247620589327,0.5593968757524579,0.9779505931061422
32,167,6785043.653600364,0.020031820066389594,0.13000888662041102,0.24504477916948736,0.46873669783723326,0.9986355367847934,7494334.4938149685,0.020031820066389594,0.13000804020111575,0.2461130247200728,0.46590546725980375,0.9986355367847934,7080389.12905433,0.020031820066389594,0.13002147886123697,0.2446187648873096,0.4691231825384889,0.9986355367847934
32,168,1221110309.5112019,0.0014163330413711206,0.28270955780770535,0.41471115018661425,0.8217030309719987,0.9811383832338205,1381689048.9694624,0.0014163330413711206,0.281114850602898,0.4144463120971489,0.8241561620646365,0.9811383832338205,1224268176.2718277,0.0014163330413711206,0.28270955780770535,0.41693073180271834,0.8254297104647769,0.9811383832338205
32,169,11891128690.478413,0.08248083784020088,0.2829057574928633,0.47972683957199547,0.6992679210249213,0.9650761874666137,12117341467.701147,0.08248083784020088,0.2775170461837841,0.47972683957199547,0.6924163321195662,0.9650761874666137,12109862862.275333,0.08248083784020088,0.2813609481476399,0.47972683957199547,0.6994521931448104,0.9650761874666137
32,170,4935179.63992116,0.0021603483092828,0.4736721808443259,0.6141008444740184,0.8805968491005419,0.9982610980632164,8896645.12439272,0.0021603483092828,0.4699427252940331,0.614331721054659,0.882617684513781,0.9982610980632164,4797255.291992893,0.0021603483092828,0.4730649322058875,0.6145245621106932,0.8768304600549538,0.9982610980632164
32,171,210332859395.9883,0.05939917738523004,0.3975156882694155,0.6479463382922863,0.8300534707874494,0.9955766659926196,210290635143.54712,0.05939917738523004,0.4015589513725959,0.6479463382922863,0.8293680738556196,0.9955766659926196,203987121092.11453,0.05939917738523004,0.3972857325896102,0.6479463382922863,0.8296845942477002,0.9955766659926196
32,172,35432398.11501363,0.01920297237438484,0.2418302726959794,0.2970130759495624,0.6554343604359696,0.9819846548765288,32951749.30131126,0.01920297237438484,0.2418302726959794,0.2970130759495624,0.6504029535810743,0.9819846548765288,15557942.320751047,0.01920297237438484,0.2529886315962837,0.2970130759495624,0.646830526931655,0.9819846548765288
32,173,2086548.6011480005,0.06631305404152055,0.4317353890201616,0.6651480046037048,0.9545982063649818,0.988306428326198,6129092.540904123,0.06631305404152055,0.4317353890201616,0.6556042531037667,0.9546149972776784,0.988306428326198,2068461.9382496676,0.06631305404152055,0.4338133132592396,0.664899309008151,0.9545686832793697,0.988306428326198
32,174,113198500843.40286,0.0005779677961101903,0.3079226948418483,0.5801006253153705,0.6765731883048152,0.9542634585462073,110246294701.13177,0.0005779677961101903,0.309376635556349,0.5795570138318671,0.6765731883048152,0.9542634585462073,89030721138.37605,0.0005779677961101903,0.30875284307573814,0.5801227880633355,0.6765731883048152,0.9542634585462073
32,175,362567.64306052617,0.020191619000782146,0.36236700584370024,0.48148149702072196,0.7000174848476935,0.9812412750925391,737155.2083085648,0.020191619000782146,0.3582594876429089,0.4815661123652299,0.6930361309174718,0.9812412750925391,339010.4897274141,0.020191619000782146,0.36230345548741494,0.48148672560190026,0.7022469330345015,0.9812412750925391
32,176,140624888.4606413,0.02825425277162641,0.3511225873524349,0.4596503493347567,0.7428325479757192,0.9859545447422491,180878388.19899955,0.02825425277162641,0.3446814122325731,0.46057520964530024,0.7409299962578856,0.9859545447422491,54105853.413117684,0.02825425277162641,0.3568415040415772,0.458950834866096,0.7433990324335025,0.9859545447422491
32,177,857845695.5305595,0.02537468245928798,0.17162684008853232,0.2590900448251545,0.72383817355738,0.9802639921644982,870554953.6138601,0.02537468245928798,0.17564514062520328,0.25921156124103817,0.7212270260942364,0.9802639921644982,870351578.9350795,0.02537468245928798,0.17162684008853232,0.25994216985513274,0.725729852634083,0.9802639921644982
32,178,476320209.10074335,0.03863837319828045,0.320895836985077,0.49513030830609017,0.7350246163147633,0.9657697440248146,466447160.14574873,0.03863837319828045,0.3263450066446033,0.4913307665764389,0.7218646294109938,0.9657697440248146,454839023.74640256,0.03863837319828045,0.3227261117119429,0.4957478739816905,0.7318335226278025,0.9657697440248146
32,179,367300194.0807011,0.02967329377954042,0.14730085411080876,0.42109223840646504,0.6737534551561408,0.8195003597180232,351459829.86867875,0.02967329377954042,0.15212986127391465,0.4242477856933517,0.6737534551561408,0.8195003597180232,165373184.73582572,0.02967329377954042,0.14774883113439002,0.4216420084636079,0.6737534551561408,0.8195003597180232
32,180,34505790.2786987,0.12283696257952936,0.2934602892835366,0.4020406905274718,0.814708391359925,0.996555265666859,37361752.89513867,0.12283696257952936,0.2870823483346958,0.4021484871817656,0.814708391359925,0.996555265666859,35021256.30819532,0.12283696257952936,0.2930372787987469,0.4030477558171267,0.814708391359925,0.996555265666859
32,181,6918370673.031073,0.0200600000937472,0.44841133465210187,0.5577271883086,0.8367041528030833,0.9767520579040492,6265535293.169225,0.0200600000937472,0.44841133465210187,0.5565006944208173,0.8367041528030833,0.9767520579040492,4299171900.423915,0.0200600000937472,0.46302749068542487,0.5609113624067639,0.8348269746837478,0.9767520579040492
32,182,30738716.216084342,0.005279998430717359,0.26272037573617785,0.4388798175711618,0.5335172806532189,0.9912299152587544,74037883.26251692,0.005279998430717359,0.25781068588532235,0.438990586961452,0.5335172806532189,0.9912299152587544,31464651.622975197,0.005279998430717359,0.2618114757498704,0.43853509352193054,0.5411433435441805,0.9912299152587544
32,183,805204.0670907364,0.014419977295813347,0.3791592794393564,0.5450954783399196,0.7609463638251144,0.9987379153934607,1053624.9570544453,0.014419977295813347,0.3795806045728962,0.5450954783399196,0.7623062975034121,0.9987379153934607,553707.6636283513,0.014419977295813347,0.38180826011035446,0.5450795632997939,0.7623062975034121,0.9987379153934607
32,184,445226721.11290497,0.013409834095115425,0.1223650066633116,0.48389785500446086,0.7570781340846127,0.9672086074789881,532090576.5992688,0.013409834095115425,0.12290534701097318,0.4851634694395772,0.7472673096644248,0.9672086074789881,449670266.17185694,0.013409834095115425,0.12240677112303255,0.4851634694395772,0.7575021705777765,0.9672086074789881
32,185,18356535778.184036,0.01491288340704744,0.12799421788274268,0.28381271570362177,0.7232919135757153,0.9245656729648786,18376697157.94028,0.01491288340704744,0.1265331901926463,0.2836315855762453,0.7232919135757153,0.9245656729648786,18333748250.982456,0.01491288340704744,0.12759003891626752,0.28297816526440256,0.7233399767186615,0.9245656729648786
32,186,49827138931.04269,0.06622534885919429,0.15840268681604205,0.439375248986851,0.6805439820743365,0.9826127461360868,49941983214.49894,0.06622534885919429,0.15840268681604205,0.4394547598930325,0.683389431057288,0.9826127461360868,49867870559.22421,0.06622534885919429,0.1595874128121283,0.43942930685321396,0.6807240580304336,0.9826127461360868
32,187,3929806.9475469817,0.03276811403407831,0.14398217940095825,0.44887705776267217,0.7276627563918687,0.9307047865768365,4039498.90660818,0.03276811403407831,0.14827503744244575,0.46087692003407366,0.7276627563918687,0.9307047865768365,3278476.58764189,0.03276811403407831,0.14845655788606757,0.43969891788262916,0.7318824859940446,0.9307047865768365
32,188,26694.8073163312,0.014418543019659058,0.3792454130712557,0.5363121892138301,0.7166570141512479,0.9827532735710833,65844.80458620138,0.014418543019659058,0.3705314373183684,0.531751619482246,0.7195899431810914,0.9827532735710833,14731.61843424213,0.014418543019659058,0.3802733134930862,0.5388508776961123,0.714537293494951,0.9827532735710833
32,189,4843174160.902268,6.17915030490801e-05,0.37205177100496495,0.5880589672606511,0.813210046576491,0.9816071983863459,4843298522.050033,6.17915030490801e-05,0.37194117221185535,0.5731811358470376,0.813210046576491,0.9816071983863459,4773945255.20336,6.17915030490801e-05,0.3718106935113008,0.587850538317093,0.8170074092693954,0.9816071983863459
32,190,30092244.747458644,0.03491695550520113,0.1668799847692666,0.39685188014339434,0.9021861908915909,0.9921415770882208,31794656.204439238,0.03491695550520113,0.16412815799557784,0.3957027569477204,0.9021861908915909,0.9921415770882208,30480868.96391612,0.03491695550520113,0.1640010247673252,0.398144724974657,0.8985826762439935,0.9921415770882208
32,191,791584.0429578741,0.021503562676263077,0.32103913313771737,0.4734597995714979,0.7704075089290832,0.9734868070945157,2706110.769748923,0.021503562676263077,0.3210298471952492,0.48435218119020973,0.7704075089290832,0.9734868070945157,766029.0493602935,0.021503562676263077,0.321027656896405,0.48461081507521186,0.7721453927793804,0.9734868070945157
32,192,23846003.27692144,0.045123893523325576,0.27676182208421574,0.48202080064097974,0.7760339019673597,0.9916475085861355,36844240.497176535,0.045123893523325576,0.27456326166359046,0.4629120511440049,0.7598768296334357,0.9916475085861355,27098404.103185732,0.045123893523325576,0.27708497116570774,0.4549027972819236,0.7836140629363808,0.9916475085861355
32,193,4371657.37488934,0.006776776933231976,0.18186971499606536,0.5272145512937187,0.663298433008452,0.9888593182511164,5389743.093461156,0.006776776933231976,0.20212913443913239,0.5223132738758293,0.6647583999988795,0.9888593182511164,4419027.003938681,0.006776776933231976,0.18411447992839,0.5289738122204821,0.663298433008452,0.9888593182511164
32,194,55912192.86486516,0.003788474573904521,0.2994772329984454,0.6487187926792727,0.7187950639421621,0.938815244219942,58410098.578324914,0.003788474573904521,0.2994778873058025,0.6487187926792727,0.7187950639421621,0.938815244219942,55171873.7044259,0.003788474573904521,0.29954531441556664,0.6717283687699307,0.7187950639421621,0.938815244219942
32,195,184928679066.71823,0.000990576540866095,0.12939387185558685,0.3344632211474156,0.6899987618994056,0.9764325668766407,559478262489.4667,0.000990576540866095,0.12956605203069263,0.3359951502879195,0.6906786826131492,0.9764325668766407,182960227264.30487,0.000990576540866095,0.12915010026005042,0.3359951502879195,0.691488938676277,0.9764325668766407
32,196,16938102.669857774,0.008749552995747312,0.13183575722635765,0.2876819190274208,0.5437054609435306,0.9934216923809484,17909204.400088046,0.008749552995747312,0.13276347647000852,0.2964699329419548,0.544162059745715,0.9934216923809484,17198590.200417828,0.008749552995747312,0.13211781164815936,0.28147122193363605,0.5444808933096453,0.9934216923809484
32,197,611626181.5080556,0.03157094151956752,0.2606658274496513,0.6642779748417442,0.8804544363195381,0.9242350096105277,641996738.6170521,0.03157094151956752,0.2606658274496513,0.6651461193916968,0.8801213124637071,0.9242350096105277,546659774.289769,0.03157094151956752,0.25596031273537123,0.6655371293300789,0.8801852149670005,0.9242350096105277
32,198,12948033.43639846,0.02041999795348315,0.2381938865459329,0.5181205193321161,0.7211773181967575,0.9759774735818372,13066166.201601444,0.02041999795348315,0.2381938865459329,0.5181172250543533,0.7114855778440747,0.9759774735818372,12047761.77900758,0.02041999795348315,0.23844234919140728,0.5181172250543533,0.7225398561198246,0.9759774735818372
32,199,222985621.52980694,0.04244617032529341,0.31619568209575216,0.661773920607247,0.724391123784579,0.9976285543226094,242973190.19829443,0.04244617032529341,0.31681635100922356,0.648177242822543,0.7363437374803612,0.9976285543226094,229011429.78690752,0.04244617032529341,0.3164276006500729,0.6628946984689728,0.7230056322342917,0.9976285543226094
64,0,101034027.25916794,0.0004181159903451359,0.13522746316974474,0.25450716551743735,0.6658036188988288,0.9976163711129454,143070238.79573205,0.0004181159903451359,0.13459160640233675,0.2537963608774611,0.6659350410119689,0.9976163711129454,97283815.50463046,0.0004181159903451359,0.1353483970841416,0.2559599337549481,0.6658551455803878,0.9976163711129454
64,1,455412.0586211246,0.0003072517277441511,0.2175123743261282,0.4802178911463317,0.7925260687508674,0.9971045578769171,4872818.681528344,0.0003072517277441511,0.21523793890284723,0.4769781273105207,0.7931587737569208,0.9971045578769171,439216.3283289331,0.0003072517277441511,0.2162923253312074,0.48146558646239423,0.791567956737435,0.9971045578769171
64,2,524482535.13075215,0.009114953311290197,0.24884715461261828,0.5770565957679368,0.7482941113348534,0.9818546188783132,662199913.3457028,0.009114953311290197,0.24684729062657473,0.5780593864265775,0.7487639197648903,0.9818546188783132,482078708.2978267,0.009114953311290197,0.24655971845105434,0.5848435983774175,0.7489035858295218,0.9818546188783132
64,3,615085604.3196306,0.0022642580594923745,0.36570208512141533,0.5275260692932271,0.7406477526677773,0.9941267658583215,713928639.4042699,0.0022642580594923745,0.3657017965734596,0.5275260709738232,0.7380687272579982,0.9941267658583215,447754364.1464859,0.0022642580594923745,0.3656466378603398,0.5277914097791162,0.7406477526677773,0.9941267658583215
64,4,21154770.479836755,0.02791456664050751,0.25029045567948366,0.5150730116391852,0.6305466529104258,0.9328791721478703,53089151.73231035,0.02791456664050751,0.25029045567948366,0.5160793805677508,0.6316757569194646,0.9328791721478703,25025124.90493644,0.02791456664050751,0.25029045567948366,0.5148499365045465,0.6298441501246641,0.9328791721478703
64,5,15731754.454495234,0.0022027301314307968,0.41907373603229214,0.5260853920810528,0.6762148219488551,0.9914091611716828,22405825.775808442,0.0022027301314307968,0.41162200643112845,0.5251296536067276,0.6762148219488551,0.9914091611716828,12578521.821994813,0.0022027301314307968,0.42264099121268683,0.523965271176047,0.6761819171966051,0.9914091611716828
64,6,164768023.87238622,0.0016872331850071864,0.2838730314984326,0.48519218858266566,0.7607883897854695,0.9973324362261475,189168384.21611148,0.0016872331850071864,0.28871110484517215,0.486095625770127,0.7607883897854695,0.9973324362261475,154227429.73581037,0.0016872331850071864,0.2895780018256833,0.48699772635804583,0.7607883897854695,0.9973324362261475
64,7,2861481970.3558927,0.032465459399781404,0.2756210623571135,0.5338175020115195,0.6745480948199605,0.9715578288207747,2848700125.302637,0.032465459399781404,0.2753302272733126,0.5334402846131682,0.6761322905819247,0.9715578288207747,2021663417.209324,0.032465459399781404,0.27752664736638366,0.5336236987357286,0.674592391439766,0.9715578288207747
64,8,1162169717.3595564,0.028355206677371014,0.3031368693037544,0.4741338855379664,0.709008324922672,0.9939116203678353,1162744754.9249225,0.028355206677371014,0.2978118656430096,0.4773398030809718,0.7076751141497913,0.9939116203678353,1159441032.8781075,0.028355206677371014,0.30489668565045824,0.48425906861791124,0.7094223696793129,0.9939116203678353
64,9,6430906.533980707,0.0027880517124438953,0.2839410614237246,0.4159856179251246,0.7251793710884189,0.9776707245719491,18829074.498384148,0.0027880517124438953,0.2837863125439099,0.4144218350388301,0.7250216984854949,0.9776707245719491,4863399.141406298,0.0027880517124438953,0.28393751763989833,0.4144218350388301,0.7251530783631035,0.9776707245719491
64,10,120693494.55390114,0.016705580390625308,0.2838057040254086,0.5360803099207081,0.7662732781062982,0.995525977232029,123679835.83323786,0.016705580390625308,0.2844472864238732,0.5355651527635079,0.7662732781062982,0.995525977232029,112811619.60863139,0.016705580390625308,0.2818740395659878,0.5355433126218614,0.7657796825156353,0.995525977232029
64,11,6893836.554835557,0.009662363499569393,0.2638715232636638,0.49359282546438427,0.7457207050655654,0.9987631151433132,9924152.906725267,0.009662363499569393,0.26398040102476594,0.49460685900730905,0.7463783514253092,0.9987631151433132,6281191.1073385235,0.009662363499569393,0.26384638364568813,0.4946738624976791,0.7459167139405376,0.9987631151433132
64,12,95594847.71464735,0.014133185644397916,0.3101926606115424,0.5896853144868273,0.8454115175914446,0.9974595096346612,150315169.72301868,0.014133185644397916,0.31082361675698633,0.5895001687379364,0.8448862799966416,0.9974595096346612,85225980.4509135,0.014133185644397916,0.3117682476070829,0.5892087420463537,0.8447246548970035,0.9974595096346612
64,13,78408963.16094507,0.015423813912286866,0.35245774311323486,0.6309944651106147,0.7532264770021235,0.9949924230935532,125008969.09022108,0.015423813912286866,0.35288766483266,0.6242193491544827,0.7511742884652788,0.9949924230935532,60644714.08684931,0.015423813912286866,0.3521020978366973,0.6271018828170226,0.754444285692922,0.9949924230935532
64,14,1157452838396.953,0.02375704578343618,0.36097742877904243,0.559766173156728,0.8189875188744252,0.9907736796812961,1151335760404.9714,0.02375704578343618,0.35904559378855483,0.5596569145164255,0.8181218915346846,0.9907736796812961,1144670950882.5005,0.02375704578343618,0.3594840345829582,0.5581270340343153,0.8198632435664635,0.9907736796812961
64,15,824753408.4227962,0.025931173699751953,0.2663632565412123,0.4889854089997693,0.7860009418403785,0.978237404235573,1012430202.0602051,0.025931173699751953,0.2664655602855873,0.4901086841574018,0.7860009418403785,0.978237404235573,754750683.2118633,0.025931173699751953,0.2666360092000394,0.48862127554164897,0.7899361652574447,0.978237404235573
64,16,160440276992711.03,0.02600538825569554,0.20604845178306025,0.460681249616144,0.7160185185461778,0.9826529019746587,162952810157763.47,0.02600538825569554,0.20500358714090844,0.4546625060253444,0.7200119559411685,0.9826529019746587,161215041166793.7,0.02600538825569554,0.2092043913270333,0.4539509692987367,0.7160185185461778,0.9826529019746587
64,17,893387250894.8214,0.006076631559447043,0.23518067396648296,0.4034356231355583,0.7518167868500648,0.9983065623747384,888283960513.6263,0.006076631559447043,0.2364989625708879,0.4088578430099423,0.753062874261771,0.9983065623747384,855798340822.1587,0.006076631559447043,0.23347834192313305,0.39620518534667026,0.7518165484353698,0.9983065623747384
64,18,2391237.6643674797,0.004888074725407532,0.2976588054658617,0.5704325573901734,0.740778014491253,0.9920081610895469,4726367.11006453,0.004888074725407532,0.29834243715248265,0.5704325573901734,0.7421153242423404,0.9920081610895469,2026748.7009337672,0.004888074725407532,0.2959425351134318,0.5719271260336162,0.7409787611314927,0.9920081610895469
64,19,129898625.98217165,0.01926022028129981,0.3241962590388749,0.6116253445425561,0.8385799114105105,0.9771048673016085,214168126.56273228,0.01926022028129981,0.3183222434881526,0.6116253445425561,0.838697724512806,0.9771048673016085,45947511.17684179,0.01926022028129981,0.32627371008234096,0.6116253445425561,0.838569683390734,0.9771048673016085
64,20,3370721690.1385593,0.0009306388807708288,0.3884336040878042,0.5982122653039827,0.7352798030627323,0.9969924336191115,3535554159.241579,0.0009306388807708288,0.3897463219125246,0.5982573701821758,0.7358340301224637,0.9969924336191115,3439720599.2239017,0.0009306388807708288,0.3882679553430807,0.5985784176146645,0.7369325146114939,0.9969924336191115
64,21,3993641673.8970046,0.003087877253523441,0.2591784211118142,0.421223096792171,0.6907935946269189,0.9537091048135337,4744208650.962096,0.003087877253523441,0.25266603427781786,0.42160505044591273,0.6896141504488111,0.9537091048135337,4173734746.73006,0.003087877253523441,0.2523268437613693,0.42044351572140054,0.6895210695921008,0.9537091048135337
64,22,4511916363.533374,0.011381095861936474,0.3493948278106177,0.58004446501198,0.7398323535391879,0.9942303028834012,4550045012.530193,0.011381095861936474,0.3508066549802054,0.58004446501198,0.7393800619816677,0.9942303028834012,4341596273.938529,0.011381095861936474,0.35092514829465243,0.5805415873838737,0.7401490754069385,0.9942303028834012
64,23,6468740957.183174,0.03982388279653315,0.2791479730189468,0.3980308874609033,0.701763080190886,0.9877140437414164,6298369392.23708,0.03982388279653315,0.2791479730189468,0.39817486441265953,0.702643685802541,0.9877140437414164,6322851784.155233,0.03982388279653315,0.285467099353965,0.39818702505729575,0.7014551065026959,0.9877140437414164
64,24,6142146.368848315,0.0027409722167711648,0.28425424856880244,0.46664924363763255,0.7237692857262463,0.9884857712458025,9648742.536058128,0.0027409722167711648,0.28425424856880244,0.46479754342295465,0.7196260699797157,0.9884857712458025,5309117.270100842,0.0027409722167711648,0.28448085974732085,0.4650215367597529,0.723609177273688,0.9884857712458025
64,25,73427311932.99356,0.012227151222609534,0.2355275685949594,0.5284384271574718,0.8367146390086284,0.9949248750083216,72527952433.64833,0.012227151222609534,0.23899840645888237,0.5200824589920213,0.8366254034293621,0.9949248750083216,66747048308.77015,0.012227151222609534,0.2370622727470662,0.5320319264631708,0.8366688300419644,0.9949248750083216
64,26,284267196825294.4,0.011793482236900021,0.17350976764337042,0.3936214656782777,0.6602219228310037,0.9996326987262116,284267204126664.25,0.011793482236900021,0.1697449026746596,0.3888819573702659,0.6617056598288985,0.9996326987262116,283562755849656.44,0.011793482236900021,0.17522237917195024,0.39278285625882525,0.6602219228310037,0.9996326987262116
64,27,110647552.18695511,0.016450338418914967,0.2934759377624336,0.4385303605001255,0.7127117932904743,0.9862779213980928,123290587.07978073,0.016450338418914967,0.29124768821492497,0.4390639596327413,0.7135080085724608,0.9862779213980928,110889008.33800548,0.016450338418914967,0.2923852153073842,0.43854939375978397,0.71447626934871,0.9862779213980928
64,28,20375577754.91733,0.020387605836763134,0.21728059653201795,0.5426259379717859,0.8041753880504108,0.9984775523966496,20162837169.463234,0.020387605836763134,0.2184821186538406,0.5426259379717859,0.8036579477889162,0.9984775523966496,19588910043.197407,0.020387605836763134,0.2201333476295881,0.5529838217813663,0.8041038691294159,0.9984775523966496
64,29,1486027570736.3748,0.0007622560160872593,0.33687603140089734,0.4914178343043111,0.627630312215099,0.9879065204659201,1486058935469.9575,0.0007622560160872593,0.33089287828559893,0.48984272053131106,0.6281133225682863,0.9879065204659201,1486122628399.27,0.0007622560160872593,0.33523633404133235,0.49204123794017274,0.6270967446857184,0.9879065204659201
64,30,156538344.90278512,0.009028463251328112,0.16296614021643713,0.5643141190059855,0.8188385596540757,0.9799223561782593,215859591.5749468,0.009028463251328112,0.16296614021643713,0.5643040458372638,0.8103370441205375,0.9799223561782593,95500426.4043532,0.009028463251328112,0.16379051834351888,0.5644013578462401,0.8181294216157848,0.9799223561782593
64,31,6964566.636281185,0.02132368428655229,0.32960835351623385,0.5417479624122596,0.730859036574903,0.9867162594306469,24821547.325555515,0.02132368428655229,0.32960835351623385,0.5431234921071191,0.7318853143393362,0.9867162594306469,7048865.615052096,0.02132368428655229,0.3297319635190827,0.5450023163081696,0.731703456001623,0.9867162594306469
64,32,80542318.22906291,0.015303674602668016,0.28108782062911225,0.4312268834935946,0.5642039010511102,0.9864890971528505,81643494.91651042,0.015303674602668016,0.2728876522927742,0.4312423138263318,0.5588533782647112,0.9864890971528505,45996876.55920678,0.015303674602668016,0.28038044096151604,0.43124351457381305,0.5668492325985699,0.9864890971528505
64,33,75212639.57224086,0.005717994748947075,0.256193208938953,0.476228380734518,0.7343384614492896,0.9859433884537641,118353812.48207298,0.005717994748947075,0.2560823037798926,0.476228380734518,0.7311803057332769,0.9859433884537641,77284805.18180984,0.005717994748947075,0.2561338870854918,0.47730325847380045,0.7353291329048839,0.9859433884537641
64,34,115773484.60463434,0.023134811784833453,0.31506988613967474,0.49305135627204955,0.72694658427986,0.9793989199559854,123821926.38257843,0.023134811784833453,0.31431324475598693,0.4932194052242366,0.7291161048324518,0.9793989199559854,114125116.29319096,0.023134811784833453,0.32034658687513573,0.4925026804593532,0.7251638901561693,0.9793989199559854
64,35,211123349.4604263,0.0031779444517303634,0.2532797640016073,0.46837257142077254,0.7173028112972276,0.997166974549292,231595061.93193904,0.0031779444517303634,0.25318426903483754,0.46837257142077254,0.7179636906409159,0.997166974549292,215355235.54425034,0.0031779444517303634,0.25265231074010275,0.46837257142077254,0.7173662754616613,0.997166974549292
64,36,22969588969.778748,0.025739132400653064,0.4004610095771388,0.6747103772580179,0.8679842512093053,0.9908718610549948,25812785194.047165,0.025739132400653064,0.4031523358591095,0.6749547131529562,0.8675952498613967,0.9908718610549948,19664808630.746998,0.025739132400653064,0.4004610095771388,0.6750400238927126,0.8692148684025649,0.9908718610549948
64,37,2294491658.0465846,0.016991764191175207,0.3335375619249112,0.48897825345980644,0.6536972519487202,0.9992517814064886,2314346893.231726,0.016991764191175207,0.3311384897656792,0.4898055164538575,0.6544999343109739,0.9992517814064886,2317653432.073379,0.016991764191175207,0.3340515893760775,0.49038757642784625,0.654273788571433,0.9992517814064886
64,38,571412417179.5171,0.00036641287354355345,0.2293969054773882,0.5408529331972785,0.8418588701704377,0.9988481163026338,839270718021.1703,0.00036641287354355345,0.22985319378463193,0.534271369780411,0.8418588701704377,0.9988481163026338,576081831471.082,0.00036641287354355345,0.2293174140224151,0.5416713876466204,0.8413099471708161,0.9988481163026338
64,39,178195091.66888127,0.008986604176241864,0.211788011217842,0.4651676537106272,0.6485201237274538,0.9916034863183628,201984692.2950079,0.008986604176241864,0.21483313895218317,0.4651676537106272,0.6486233172300384,0.9916034863183628,141615922.8059109,0.008986604176241864,0.21704775980022623,0.46515165286240556,0.6491353017626438,0.9916034863183628
64,40,4007097.3266031635,0.016494133752893658,0.25994902144177884,0.48679548247143056,0.7554631872659637,0.9805959118887657,7541646.465160897,0.016494133752893658,0.26123577565136313,0.48098964183726556,0.7556012446664098,0.9805959118887657,3009053.6536726467,0.016494133752893658,0.2598073278859739,0.48784775227312516,0.7554498442119605,0.9805959118887657
64,41,475532732.4494505,0.005196910867398596,0.19429567206372622,0.49710437605203667,0.7732402775627545,0.966473181777009,804467017.9005321,0.005196910867398596,0.19429567206372622,0.49710437605203667,0.7746747721806833,0.966473181777009,378114188.39849514,0.005196910867398596,0.1942022072560293,0.4973461685145116,0.7732586337527608,0.966473181777009
64,42,38552965.34889732,0.0013829832331392344,0.18060993564591052,0.5166558705604856,0.6751884487394093,0.9341917379258725,40314491.91402406,0.0013829832331392344,0.1813951311862479,0.5145633820322014,0.6750194519924599,0.9341917379258725,20882084.786513012,0.0013829832331392344,0.18017635083600048,0.5122106334781839,0.6746297493236719,0.9341917379258725
64,43,1867844126.9907591,0.0028254406536092347,0.2211642951282849,0.4213380228934205,0.8041336176098798,0.9749771919103882,1905025490.342555,0.0028254406536092347,0.22301413864777264,0.42147397796293823,0.8064671756398001,0.9749771919103882,1837268249.518839,0.0028254406536092347,0.22327328104170158,0.42168338115768084,0.8038548596803999,0.9749771919103882
64,44,423801563.2663014,0.0034390750123473035,0.2217865110186399,0.49942619672207716,0.8235393292074813,0.9859484809806459,570435553.0250521,0.0034390750123473035,0.22282578522596685,0.49942619672207716,0.8076047687519898,0.9859484809806459,283717398.1911352,0.0034390750123473035,0.2203096252730286,0.4966072144091019,0.8243754575926114,0.9859484809806459
64,45,14854514285814.719,0.0018725169703499578,0.20436831110428177,0.30746541106688907,0.5805004411635817,0.9632026179908569,14854527288416.025,0.0018725169703499578,0.20412269571348685,0.3118229078223514,0.5828701672730707,0.9632026179908569,14865222507219.04,0.0018725169703499578,0.2054259528918809,0.30547938424824617,0.5849151230988676,0.9632026179908569
64,46,703696893.0781443,0.006633049106585687,0.26380885588614733,0.5557443494337488,0.8313996048351425,0.9629871476394352,843240016.9388392,0.006633049106585687,0.2620358975297875,0.5547815547064527,0.8313996048351425,0.9629871476394352,730155025.758146,0.006633049106585687,0.2640761190959254,0.5553340630243502,0.8313731624320033,0.9629871476394352
64,47,1476703947.1901875,0.021849596303492813,0.40519355698999515,0.5486404925776929,0.7704825956117936,0.999737581310878,2665984654.2334294,0.021849596303492813,0.40519355698999515,0.5491883735538637,0.7696918545332251,0.999737581310878,1450468691.0305936,0.021849596303492813,0.40468456104976924,0.5502777443526431,0.7695023352263215,0.999737581310878
64,48,69473269.9635134,0.017724846666132943,0.31885695035554507,0.5669212667429058,0.8126336010147033,0.9954057152545195,101068457.40873462,0.017724846666132943,0.3193507414472627,0.5626369901272688,0.812895776838574,0.9954057152545195,51670345.86057961,0.017724846666132943,0.31869659364545544,0.5581987866273508,0.8123632590916807,0.9954057152545195
64,49,26501903.088614788,0.001290270847585373,0.2649315697675346,0.5814004457268267,0.665604486965155,0.9925773288287008,30587974.80151988,0.001290270847585373,0.26151329697264286,0.5817758662547907,0.6653402102819949,0.9925773288287008,27525389.63523994,0.001290270847585373,0.2648782146770034,0.581649381094761,0.6656685744127028,0.9925773288287008
64,50,112634327313.40141,0.015701178118509462,0.37321928777552377,0.6450565749337316,0.8284190184821929,0.999729028033003,114217789976.56442,0.015701178118509462,0.37459389162272483,0.645054921292473,0.827936284398264,0.999729028033003,112947798285.77844,0.015701178118509462,0.371588259646376,0.6450565749337316,0.8283324357976554,0.999729028033003
64,51,113795926.22697605,0.01274188141144017,0.28722207871241523,0.4753118756158319,0.6174036505628512,0.9887192438836194,107049354.5568781,0.01274188141144017,0.2868985624124117,0.4734008607041049,0.6188785906616265,0.9887192438836194,79004795.7777126,0.01274188141144017,0.28750299067021345,0.47234180307218143,0.6176726322733854,0.9887192438836194
64,52,8803491642.92724,0.022022173955922764,0.21656283100010434,0.37964774550687086,0.6081093349162715,0.9743274908920005,8483097897.424921,0.022022173955922764,0.21653724973563482,0.3814850612578058,0.6082014653666034,0.9743274908920005,7866751120.254951,0.022022173955922764,0.21705987604094287,0.37964774550687086,0.6082100246141569,0.9743274908920005
64,53,57824821.557937115,0.010446590490056806,0.1883477301450221,0.45126744347418307,0.7002183294528511,0.9960647683181221,78718143.69999792,0.010446590490056806,0.19943025246545387,0.4512344190269044,0.7009661368371121,0.9960647683181221,64543788.46574044,0.010446590490056806,0.19093938036040778,0.45131443401564075,0.7015401042382906,0.9960647683181221
64,54,287906996.0372871,0.0001576881960971832,0.4030807286377131,0.5853486106999066,0.852970081403051,0.9952815528165535,280544538.0706406,0.0001576881960971832,0.40270393991160436,0.5852384447411557,0.8408615337215188,0.9952815528165535,216076259.77369204,0.0001576881960971832,0.40266866981385463,0.5853292591204734,0.8540406503173463,0.9952815528165535
64,55,2592640454.4293737,0.09070042270850143,0.28362929916506746,0.5837802950038897,0.8145408086041706,0.9881938293554421,3428467404.059556,0.09070042270850143,0.2833927421331231,0.589359932826938,0.8158351731738809,0.9881938293554421,2872651799.4997215,0.09070042270850143,0.2841882056536294,0.5951714529129657,0.8187603264237999,0.9881938293554421
64,56,319755198.98881006,0.0001242370223343281,0.24232252973141932,0.4891614755388952,0.7355469166931361,0.9782849182656154,390351174.76150155,0.0001242370223343281,0.24232252973141932,0.4892168533345127,0.7356378980909704,0.9782849182656154,310922648.1392541,0.0001242370223343281,0.2422718566522488,0.48858802748876073,0.7355942561010707,0.9782849182656154
64,57,453340663.81082904,0.000917413235776765,0.2901608357680773,0.3979272213095947,0.7701199318937503,0.9796038001290548,533601879.55147976,0.000917413235776765,0.29045416172404914,0.3979272213095947,0.7696080301810769,0.9796038001290548,450200351.7189584,0.000917413235776765,0.2904127506049757,0.397012591734177,0.7698884641612148,0.9796038001290548
64,58,80195683.2677501,0.00988080741810371,0.2976730860708012,0.5450464226514418,0.8443690828475146,0.9816872684710451,85774128.86972794,0.00988080741810371,0.3028559686289171,0.5448193350806401,0.844526919101575,0.9816872684710451,58770777.56909012,0.00988080741810371,0.29865348103557515,0.5448012093418586,0.8441192478470965,0.9816872684710451
64,59,97170773.4077605,0.0026808822958213074,0.12293814016555815,0.3604051615002909,0.5527690259446593,0.9603363940858686,101310070.0148564,0.0026808822958213074,0.12298425914437808,0.3598496714968217,0.554375092550419,0.9603363940858686,84495295.01994531,0.0026808822958213074,0.1235914410629522,0.3607102846755955,0.5570708176097788,0.9603363940858686
64,60,221340932.5775079,0.004043018856647818,0.3239900699776908,0.5872298362581316,0.7854638915844258,0.9567402913011034,231096635.58324,0.004043018856647818,0.32408479758379166,0.5885901353519816,0.7854638915844258,0.9567402913011034,232387069.90312043,0.004043018856647818,0.3239120249013658,0.5879667340742472,0.7893992051188845,0.9567402913011034
64,61,18097367.84468039,0.01295376990101793,0.17308357214142267,0.35781239240519114,0.6513947996577069,0.9932379179583045,29777364.13370116,0.01295376990101793,0.1735164884657233,0.35789280989350547,0.6557607973299825,0.9932379179583045,18102575.997396734,0.01295376990101793,0.17340500899086733,0.3572687297620081,0.6509374373955366,0.9932379179583045
64,62,1298345.9711820087,0.027260145124953006,0.12352121809872255,0.4350758866270624,0.6983043218588114,0.9961133094349479,9752428.720164705,0.027260145124953006,0.12414783747355228,0.4356905097162227,0.7021635758304928,0.9961133094349479,1538843.2881347556,0.027260145124953006,0.12352121809872255,0.4351141008099425,0.6974807563622952,0.9961133094349479
64,63,3342017008492.162,0.020940781413242515,0.14427472116607548,0.4016251141806295,0.58230664172625,0.9946733723588743,3342099108339.3276,0.020940781413242515,0.14427472116607548,0.4010704777366855,0.5825199458018275,0.9946733723588743,3340319013208.0933,0.020940781413242515,0.1440581748558068,0.4007072053972989,0.582219799254329,0.9946733723588743
64,64,139536013254586.25,0.000405827166553574,0.25853984936971997,0.6295043907282933,0.792291239086541,0.9960825474633532,137715471525307.52,0.000405827166553574,0.25853984936971997,0.6295043929656204,0.7921580593918844,0.9960825474633532,137453213234450.75,0.000405827166553574,0.2591989334167358,0.6295043896915911,0.7917435118490228,0.9960825474633532
64,65,268105427.91652903,0.003028142266665812,0.18948567475344402,0.5763022390288082,0.8243872432427914,0.9842310802541367,675515094.9255213,0.003028142266665812,0.1888683019019439,0.577918024349231,0.8251884850422477,0.9842310802541367,266042895.07907274,0.003028142266665812,0.18961392971629148,0.5735964614947442,0.8234775919104644,0.9842310802541367
64,66,21809023.434434284,0.024846954950391464,0.2611343258266941,0.40538121394714793,0.6251219505171035,0.9767008188824845,24647001.46220811,0.024846954950391464,0.2620965553771417,0.4045469449921709,0.6248905426105557,0.9767008188824845,19769159.396550793,0.024846954950391464,0.2640290358261983,0.40371745869630665,0.6235691752495737,0.9767008188824845
64,67,79444419.56309812,0.018194018734708717,0.24097201455218414,0.47711513237819525,0.7246257741378191,0.9797511244186957,99310492.10448441,0.018194018734708717,0.2407005302974661,0.4774525601297751,0.7241382611779421,0.9797511244186957,80194790.1744305,0.018194018734708717,0.2410735995369202,0.4758045163490245,0.7245413787254859,0.9797511244186957
64,68,420731179150.5879,0.009664378677067487,0.13890545698492063,0.32812311439229996,0.7075141152746273,0.9947505781865742,420745841470.49835,0.009664378677067487,0.13890545698492063,0.3294220071877012,0.7079187024933016,0.9947505781865742,421181826734.721,0.009664378677067487,0.13890545698492063,0.32732824172865216,0.7074528355384679,0.9947505781865742
64,69,630037395.492617,0.011695623276609446,0.2540224829407771,0.46519343210345626,0.6839108782227438,0.999863629621711,1102463396.8810377,0.011695623276609446,0.25403116141841603,0.46651156273758076,0.6823119606652552,0.999863629621711,657579251.1472459,0.011695623276609446,0.2539560215468532,0.4665381337244936,0.6772888233553637,0.999863629621711
64,70,961939321.5795091,0.015980323233814486,0.25598027376698085,0.5042516665848346,0.7214107046195422,0.9909923046973306,1028130459.1984037,0.015980323233814486,0.25598027376698085,0.5047240626851996,0.7199728845763349,0.9909923046973306,972688087.8930461,0.015980323233814486,0.2547213465833747,0.5010061762387352,0.7220526949755406,0.9909923046973306
64,71,25361481.775138594,0.03176758375076838,0.22852570853982374,0.43356058760852356,0.8037715054852381,0.965476228926997,28189013.046368573,0.03176758375076838,0.22852570853982374,0.43345872372021865,0.8037715054852381,0.965476228926997,24589058.588978566,0.03176758375076838,0.22837379703264163,0.4323294060182518,0.8037895033169298,0.965476228926997
64,72,1063389.463522369,0.021239682767305812,0.283520090393026,0.5579410911170701,0.789058054828078,0.9951073820595961,1881027.5741528266,0.021239682767305812,0.2859172929380931,0.5666985336532848,0.7863835655636802,0.9951073820595961,1242795.0234523695,0.021239682767305812,0.2859172929380931,0.5528067871600069,0.7906916357503619,0.9951073820595961
64,73,2878460002688.4976,0.03245790663671577,0.37348966309618903,0.5907109924202125,0.6917793066544159,0.9935174419977262,2878489175593.1904,0.03245790663671577,0.37323671003485276,0.5918842741515624,0.6917793066544159,0.9935174419977262,2876877370854.112,0.03245790663671577,0.372869608454803,0.5899742047059164,0.691837743015853,0.9935174419977262
64,74,3236020852.094985,0.0006761872590964613,0.4256348037977183,0.7160667683909916,0.8370888857467145,0.9899831594188476,3620838612.6959424,0.0006761872590964613,0.4259214321093546,0.7138431446779754,0.8377164351688201,0.9899831594188476,3204542462.4378242,0.0006761872590964613,0.4255183922995117,0.7157094114091334,0.8363542316840382,0.9899831594188476
64,75,2309219278.009202,0.00133867152680045,0.2598877635900333,0.4277627424422906,0.722353877796888,0.9650899824896794,2498116472.5964007,0.00133867152680045,0.2601721498824781,0.4277627424422906,0.722219439311494,0.9650899824896794,2357102547.5500946,0.00133867152680045,0.2600486325758257,0.4293051467736441,0.7232419404131822,0.9650899824896794
64,76,413057874.6478686,0.0024209383109822236,0.137860462918678,0.44664321765990667,0.7058541923024828,0.9322146222358061,424444376.04275876,0.0024209383109822236,0.1392299922467833,0.44325619131435634,0.7117697110383272,0.9322146222358061,411867844.8518792,0.0024209383109822236,0.13936037062851908,0.4450331435657855,0.7056861765711481,0.9322146222358061
64,77,96375537158.71666,0.042104201394383756,0.306984044432199,0.5674255874961408,0.7078276899926523,0.989326659942611,96532874453.72185,0.042104201394383756,0.3049982703456836,0.5657689833094892,0.7093146110085391,0.989326659942611,95742466197.64417,0.042104201394383756,0.30820248238076386,0.5658037550829199,0.712152852256831,0.989326659942611
64,78,76988962821.13657,0.030065999017364176,0.25634334444954826,0.4258172337899754,0.7474170990086331,0.9975638325346686,76634805333.22757,0.030065999017364176,0.25684996138508515,0.4258172337899754,0.7497152733325465,0.9975638325346686,77148728425.47993,0.030065999017364176,0.2571730852840912,0.426109639129308,0.7464183454777089,0.9975638325346686
64,79,8900761528.732498,0.01127577917743261,0.22678082659981344,0.38160756536677554,0.6815195182903547,0.9767956375306571,9257754091.909784,0.01127577917743261,0.22684477886923285,0.38198719811623083,0.6829499455625456,0.9767956375306571,8904192089.555016,0.01127577917743261,0.2261174427034887,0.38058610451736613,0.6810207775736881,0.9767956375306571
64,80,118585611.85362396,0.03300807281786222,0.22665492524483494,0.4812492696549685,0.818000362514864,0.9732650614827582,148314236.10536617,0.03300807281786222,0.22718474968878968,0.48035893198849144,0.8175321617917529,0.9732650614827582,120763189.0897523,0.03300807281786222,0.22638203091733156,0.4805958533446749,0.8178157886727105,0.9732650614827582
64,81,214446210.83602467,0.005571899963800697,0.175541864179644,0.3966671514638944,0.7094856390056287,0.9647221637628206,270312617.4869248,0.005571899963800697,0.1783229789622849,0.3963268912931485,0.7074602077024548,0.9647221637628206,217056473.60748428,0.005571899963800697,0.17949244496632719,0.3971827177801021,0.7059384175824723,0.9647221637628206
64,82,50276150.0913645,0.03546581075549582,0.33180136773428737,0.5250055945887241,0.7680681477881531,0.9757494347873438,54115710.617452696,0.03546581075549582,0.3340107357776856,0.5260538199417631,0.7680681477881531,0.9757494347873438,41366263.64137063,0.03546581075549582,0.3372058443264007,0.5234572366853898,0.7680681477881531,0.9757494347873438
64,83,6027625373.1887045,0.008371455809027206,0.2378987348494725,0.40221456259608207,0.6619433112087765,0.9707646948334769,7152909832.51138,0.008371455809027206,0.24420696498553301,0.40273834121678564,0.6620172885768587,0.9707646948334769,6254194345.709754,0.008371455809027206,0.24082077260545756,0.4027442138620273,0.6619211568354098,0.9707646948334769
64,84,657709716.3242831,0.01663267045052319,0.2686425536299967,0.4756836726514476,0.7125400692118626,0.9785054972467122,748206273.2019593,0.01663267045052319,0.2700734083087855,0.4760205885601183,0.7111725057469338,0.9785054972467122,674432774.5497245,0.01663267045052319,0.27038996035713075,0.4763997390354241,0.7130175555020558,0.9785054972467122
64,85,24052025.979933895,0.015848188461709656,0.20796109160902443,0.44463734767267804,0.7004855698965562,0.9820243003968778,42719418.29632284,0.015848188461709656,0.20435306431072642,0.44462013893694574,0.7024026302619635,0.9820243003968778,24251170.674288258,0.015848188461709656,0.20809730336734922,0.44458945598970584,0.6993476954294104,0.9820243003968778
64,86,3888956602115.1855,0.03694341974625159,0.4085317627601594,0.5042466881234899,0.7873775050515689,0.9757061631766891,3845225688000.524,0.03694341974625159,0.4085317627601594,0.5043871266662655,0.7946791714050501,0.9757061631766891,3653802843966.073,0.03694341974625159,0.409448515802669,0.5039744981495634,0.7862229002741588,0.9757061631766891
64,87,89926301.83939233,0.000552429025888368,0.25873605608126327,0.5280655400735861,0.7742403509343281,0.9964552922769723,101652013.4898184,0.000552429025888368,0.257834740405259,0.5291146733215776,0.7742465149745397,0.9964552922769723,98484854.77920163,0.000552429025888368,0.2591942196000403,0.5270681387188134,0.7741495080716108,0.9964552922769723
64,88,10338163927.528955,0.02158721299808919,0.3170394781470649,0.4326353094023065,0.5982509422914326,0.9740649451244752,10286674737.440893,0.02158721299808919,0.3170394781470649,0.4326353094023065,0.6024066290393852,0.9740649451244752,8884932595.232454,0.02158721299808919,0.31681168618822186,0.4428338102209935,0.5985066186353777,0.9740649451244752
64,89,114188574519.27472,0.011163419013255127,0.17945033512535968,0.6001764259721061,0.775936873408716,0.9631304258493474,114929561287.67969,0.011163419013255127,0.17942042034738173,0.5974065916967293,0.7793317877175856,0.9631304258493474,114295275125.08147,0.011163419013255127,0.1791820196765051,0.600127037446222,0.7750386109900489,0.9631304258493474
64,90,383522791.88045615,0.01606659270622013,0.19862314752497312,0.466480448778406,0.7189613871842403,0.9994038670324983,527331803.6214717,0.01606659270622013,0.20315107079625194,0.4652838079248479,0.718753469445425,0.9994038670324983,406171634.4101893,0.01606659270622013,0.19886034174330228,0.4658789653826527,0.7181666272863391,0.9994038670324983
64,91,180067103.0876543,0.010964110112799297,0.1983340975851557,0.36957712256240105,0.620576755759042,0.9723652337407481,554622096.3688836,0.010964110112799297,0.19918583351325386,0.3700394386352184,0.6205592807925403,0.9723652337407481,177141905.25741374,0.010964110112799297,0.19850200442559093,0.3691125243660309,0.6206008281026034,0.9723652337407481
64,92,41029642.79168855,0.0047602264440674835,0.16901189608163292,0.49745818472670095,0.6823960777258107,0.9614458166794141,63983719.67924124,0.0047602264440674835,0.163686955160775,0.49745818472670095,0.6830286452153436,0.9614458166794141,41934621.80246166,0.0047602264440674835,0.16620983189729555,0.4985750851140379,0.6823489718657982,0.9614458166794141
64,93,241565650.4198759,3.757555886851893e-05,0.34847672455072576,0.5999619399420282,0.704518616089954,0.9675010134757396,278660784.668652,3.757555886851893e-05,0.3556154028589561,0.5999619399420282,0.7029231757350538,0.9675010134757396,242636325.06819668,3.757555886851893e-05,0.346494229768059,0.5944902318367424,0.7049542656785246,0.9675010134757396
64,94,6400479819.750582,0.02231872053654793,0.18008733348960188,0.44236706775981866,0.8372404285168402,0.9658979167218956,8929163190.715816,0.02231872053654793,0.1786880131873789,0.44248014227407706,0.8331422079793739,0.9658979167218956,7269736769.619848,0.02231872053654793,0.1783369458784379,0.44235511869715516,0.8374957735800013,0.9658979167218956
64,95,10807588.28484468,0.007906490929306287,0.24457604288575716,0.5261707881291161,0.7404231294495777,0.9990269668448889,18528233.601779792,0.007906490929306287,0.24455063161236304,0.528647254946001,0.7419980441858816,0.9990269668448889,10891545.939828854,0.007906490929306287,0.24454433004320275,0.5262421990913497,0.7473813141645886,0.9990269668448889
64,96,10971681.462279096,0.023180015445067426,0.2921498937389274,0.5204619207203216,0.819771990954794,0.9869792279277566,18079982.696520187,0.023180015445067426,0.28957711987786217,0.5205512253406079,0.8207235909548399,0.9869792279277566,7622802.0715788305,0.023180015445067426,0.29395649344024694,0.5212686323822042,0.8196706114004235,0.9869792279277566
64,97,60666801051.86187,0.020905568575881883,0.2969453230458379,0.5683583320274207,0.7572090913752857,0.9962589007172414,68478623849.6429,0.020905568575881883,0.29822467281489357,0.5674575279510696,0.7560870789039863,0.9962589007172414,63761028368.4786,0.020905568575881883,0.29146902937087543,0.5684755020278325,0.7565238560387596,0.9962589007172414
64,98,1965822739.15465,0.00796209854370511,0.16152601239240488,0.4010591881788886,0.692273075150218,0.9880444087900696,2037812637.2044513,0.00796209854370511,0.16415688006759693,0.3985629418279161,0.692273075150218,0.9880444087900696,1961230552.3591309,0.00796209854370511,0.1613384890968325,0.39992913274440656,0.6951947820399462,0.9880444087900696
64,99,308595915.16769135,0.032633050213241366,0.3261047623959307,0.5870222640485188,0.8077262665156257,0.9996300013430712,304151509.10147125,0.032633050213241366,0.32630551362325455,0.5900188983365431,0.8090487621495029,0.9996300013430712,259565043.83243954,0.032633050213241366,0.3245990003251211,0.5870205785418854,0.8106971365518005,0.9996300013430712
64,100,110040280.99576479,0.013488630677768731,0.23852328666429515,0.4632409795201994,0.7486812642020545,0.989998997090106,103856424.33903876,0.013488630677768731,0.2401153286259723,0.46328455120715584,0.7497225490174182,0.989998997090106,75986324.9248636,0.013488630677768731,0.23673096670865806,0.46315467768736635,0.7486812642020545,0.989998997090106
64,101,51139929.00221629,0.00769672922634701,0.2710718809755466,0.6962386678474877,0.8381257811016029,0.9803108287813623,64395979.91447596,0.00769672922634701,0.26965006319258,0.6971812779288338,0.8393414421135988,0.9803108287813623,49017671.54218683,0.00769672922634701,0.27185614320239704,0.6991205443773247,0.837165086499707,0.9803108287813623
64,102,40810732.53822009,0.014713208069351391,0.3387727341750236,0.5065842119280843,0.6809590640199986,0.9983849601646385,64341221.333799124,0.014713208069351391,0.3383320105660014,0.5065842119280843,0.6800991077734648,0.9983849601646385,30187130.79640562,0.014713208069351391,0.342734452378238,0.5041255165929732,0.6839737944917306,0.9983849601646385
64,103,26536996260.63738,0.009467000835925221,0.3626154207550338,0.5543961417999219,0.6851946851230213,0.9945810144706639,31834154718.8127,0.009467000835925221,0.36403885319658935,0.5534435550752563,0.6847664979998215,0.9945810144706639,26589671279.11585,0.009467000835925221,0.360948915322445,0.5542026419132922,0.6846259110404604,0.9945810144706639
64,104,10280113025478.857,0.008172942997732413,0.1811449936034531,0.45024290723542504,0.6760892963727319,0.9867324589058635,10279208725883.373,0.008172942997732413,0.18167697368755056,0.44934100038701574,0.6765910161095363,0.9867324589058635,10267798614054.516,0.008172942997732413,0.18113873810488781,0.45001589614023063,0.6763295050963332,0.9867324589058635
64,105,1383491275.9677248,0.008771693996533991,0.09751869308101192,0.4533440624065518,0.7809262021859638,0.9991980102843635,1577877030.0966322,0.008771693996533991,0.09777783219806674,0.45225113350686547,0.7807067446566793,0.9991980102843635,1402200027.7932856,0.008771693996533991,0.09769299036023192,0.45187753585212054,0.7808646046785575,0.9991980102843635
64,106,119117792.6099862,0.022206009397774173,0.17101370678752317,0.42524547655575895,0.7538344315913053,0.9836018021704188,174536586.7461458,0.022206009397774173,0.16480941166201216,0.4245884630884485,0.759584412405666,0.9836018021704188,115515102.69192037,0.022206009397774173,0.1841080888058899,0.4251945341716402,0.7600561280780862,0.9836018021704188
64,107,328346639.29981315,0.0007745145669780795,0.2544233464855113,0.5782521591655354,0.7262360812562649,0.9496518030884944,762485039.6339886,0.0007745145669780795,0.25333041948799295,0.5772595125061561,0.7204647246257831,0.9496518030884944,371422365.08883387,0.0007745145669780795,0.2526710268099307,0.5786317573268412,0.7265967717999959,0.9496518030884944
64,108,7952055.33777251,0.009456354330839023,0.27012227106262643,0.46114109415793714,0.7569329119514056,0.9657817034164113,19202017.477977335,0.009456354330839023,0.27012227106262643,0.46145112078683825,0.7593787408883352,0.9657817034164113,6606153.277101864,0.009456354330839023,0.2700294174084749,0.46129728103414597,0.757176178307501,0.9657817034164113
64,109,1690127318.9895945,0.0067419688957710555,0.35317113569110836,0.5536926837890396,0.7480016705624473,0.9771618973351033,1742334681.1115363,0.0067419688957710555,0.3534375564099351,0.5539759247967595,0.7493414044627125,0.9771618973351033,1715238735.422272,0.0067419688957710555,0.3532307149257111,0.5529278182176461,0.7479390843759668,0.9771618973351033
64,110,1068211904.1133299,0.0025902431378345137,0.20990568908291718,0.44004951699927597,0.6821632086677677,0.9782103726450849,1478258741.2594287,0.0025902431378345137,0.20990568908291718,0.44004951699927597,0.6823889452903182,0.9782103726450849,1102549787.9250774,0.0025902431378345137,0.20991855268212536,0.44004951699927597,0.682067191482323,0.9782103726450849
64,111,4020320047.236685,0.00014285751283171777,0.17020394210619644,0.39143647846172963,0.7627374676175509,0.9914862839013536,4165417164.653812,0.00014285751283171777,0.1698337113784614,0.3947982770292967,0.7627374676175509,0.9914862839013536,3800469933.200488,0.00014285751283171777,0.1702984706869268,0.3916657843137177,0.7627374676175509,0.9914862839013536
64,112,301373796893875.6,0.0173749548808374,0.18938206491201592,0.5318211067141372,0.6902818217879674,0.9991736508693114,301435318294258.44,0.0173749548808374,0.18938206491201592,0.5314614851954464,0.6863345864528102,0.9991736508693114,301381757142123.75,0.0173749548808374,0.1893672658855759,0.5323158849819455,0.6900670759553285,0.9991736508693114
64,113,1229790750.9251795,0.024986994089619907,0.24214524227161205,0.5154489038540178,0.7470088003922228,0.9870936310372262,1552421505.844789,0.024986994089619907,0.24214524227161205,0.5150286923958551,0.7467023403939638,0.9870936310372262,1332116647.2759154,0.024986994089619907,0.24263814801188527,0.5156551541955947,0.7472893897826707,0.9870936310372262
64,114,138312494.3283801,0.00120203488044468,0.2207726991968848,0.43856561159607266,0.6879297853760735,0.9900857273208915,182315483.4899291,0.00120203488044468,0.2207726991968848,0.44080049224982415,0.6879297853760735,0.9900857273208915,120084517.92416866,0.00120203488044468,0.2207726991968848,0.44426702360935055,0.6875544411096448,0.9900857273208915
64,115,226131297.42715877,0.026493707781315323,0.31172620517866867,0.6461951890783016,0.8311764991998488,0.9944282447472204,212301989.3898637,0.026493707781315323,0.31172620517866867,0.6459005790317413,0.8335236496897428,0.9944282447472204,204077828.2434879,0.026493707781315323,0.3078911122845468,0.647054019357187,0.8303825346363525,0.9944282447472204
64,116,1345016.646091038,0.0015273319656879947,0.21356934669627226,0.5010188544218959,0.7226389475787275,0.9758544880104324,7516243.46923304,0.0015273319656879947,0.21226014725856782,0.5017586360753876,0.7231533000637382,0.9758544880104324,1354794.4614213367,0.0015273319656879947,0.21451716922876612,0.5010885308575669,0.7231854986710797,0.9758544880104324
64,117,8764830301.03777,0.014967765833483138,0.22399455481329444,0.4928157992507931,0.7664852482233058,0.9897266157743445,9339789238.313606,0.014967765833483138,0.22520723701707085,0.4917013648653943,0.769608331281002,0.9897266157743445,8975238324.07058,0.014967765833483138,0.22536627185311742,0.4930464182292351,0.776053038588611,0.9897266157743445
64,118,959807205668.382,0.04165644152515702,0.16962350750986882,0.4565241040230644,0.880706560266513,0.9966515233019416,924458695031.9916,0.04165644152515702,0.1697295930297677,0.4565692375443279,0.8794774352750941,0.9966515233019416,936116476793.2028,0.04165644152515702,0.16961133738814752,0.4565238246265909,0.8815052507797791,0.9966515233019416
64,119,6997728.402233524,0.05806218622963999,0.2867885643700243,0.4703583277254887,0.6996846188865363,0.9882619634009807,12662929.069989666,0.05806218622963999,0.28702962929102205,0.4721691519489739,0.6987917019734734,0.9882619634009807,7373147.754962591,0.05806218622963999,0.2865691623444668,0.46489079398723177,0.7000597473639362,0.9882619634009807
64,120,22032228928.167423,0.013307487688710817,0.27871187630672717,0.4786999033925603,0.8028802101794941,0.9980084520553437,65500265233.61894,0.013307487688710817,0.28083254572572236,0.4780704717275417,0.8028802101794941,0.9980084520553437,21903653610.81753,0.013307487688710817,0.279233348950241,0.4779098127481286,0.803093588087761,0.9980084520553437
64,121,153672139.389038,0.013358695624336225,0.19403783132209557,0.5150666479620595,0.704456736547622,0.9790824226062061,175205082.10972318,0.013358695624336225,0.19403783132209557,0.5161374060786363,0.7003751259640538,0.9790824226062061,153725230.07966325,0.013358695624336225,0.19511251243757965,0.5165119485924845,0.7048180824433107,0.9790824226062061
64,122,306189745.6289297,0.03425444588809923,0.31026620502983543,0.5616649641495315,0.7677686175400212,0.9819234783939849,310745355.6825444,0.03425444588809923,0.31045363578094376,0.5616444039374984,0.7658136209313287,0.9819234783939849,292451144.5565316,0.03425444588809923,0.31003814270003466,0.5616652747261773,0.7676792850299307,0.9819234783939849
64,123,72253842.97120617,0.002923423701195693,0.28253293919289413,0.5193830162773473,0.7912689661206579,0.9946597693352011,84095776.48959106,0.002923423701195693,0.2818174149882251,0.5208820811651653,0.7920625206032478,0.9946597693352011,70293903.238892,0.002923423701195693,0.28057744009655017,0.5171354493179974,0.7913020382319267,0.9946597693352011
64,124,34399069513.602554,0.0022363744106289607,0.30603345856614095,0.5082644556569309,0.6407434399582246,0.9896914060310176,34420901998.048935,0.0022363744106289607,0.3046387415437244,0.5082644556569309,0.6476084151608719,0.9896914060310176,34600411185.14057,0.0022363744106289607,0.30441991666189183,0.5061364019543699,0.6409267288764814,0.9896914060310176
64,125,3576049519.1444197,0.0025633472407987634,0.3521047923223389,0.5729493953844673,0.8373695633394377,0.9938094146420549,4071397383.7585464,0.0025633472407987634,0.3525569315863003,0.5837549814994711,0.8373695633394377,0.9938094146420549,3589243144.6670527,0.0025633472407987634,0.3518654331397004,0.5876117996514285,0.8393661928939962,0.9938094146420549
64,126,43222411175.000595,0.016898497405526625,0.1272827120775378,0.5435858226551089,0.8150382400826354,0.98467332816916,48346951005.67698,0.016898497405526625,0.132886217027437,0.536659917312221,0.8140028114021017,0.98467332816916,44553118398.815125,0.016898497405526625,0.12786059690659884,0.5429125135578106,0.8149017769869239,0.98467332816916
64,127,2630846619217.7725,0.0013350699175167513,0.2871002675636508,0.40755713731293036,0.5891818221078381,0.9754545119773098,2606482123757.7007,0.0013350699175167513,0.287613789925659,0.4076659191519112,0.5900005453535323,0.9754545119773098,2303142371034.4824,0.0013350699175167513,0.2878315091539543,0.4094117056032014,0.5892071585284251,0.9754545119773098
64,128,50391230.72187489,0.00012489268833026923,0.21388781945969312,0.45636113022063024,0.6932780346141019,0.9882697913252169,126291271.11336018,0.00012489268833026923,0.21803772608760555,0.4500631201848436,0.6935803877958994,0.9882697913252169,52106421.80650023,0.00012489268833026923,0.21388345777979306,0.4676307965485629,0.6940888361401552,0.9882697913252169
64,129,2875646.763849611,0.011035477060659216,0.2997372453380376,0.551146447866341,0.7948001404183723,0.9765152610680904,8933181.579304516,0.011035477060659216,0.29978610087654006,0.5491339898063428,0.7956098218589026,0.9765152610680904,3257150.370926439,0.011035477060659216,0.2966582306640788,0.5520974208088065,0.7952404575609333,0.9765152610680904
64,130,79075114.84880562,0.003285021009460487,0.2630765693342558,0.6060514524868419,0.8363381335387645,0.9722108884482781,100371861.13034587,0.003285021009460487,0.2630765693342558,0.6060514524868419,0.8281780577048061,0.9722108884482781,75120491.36536616,0.003285021009460487,0.2638255755816718,0.6059024072537218,0.8355940403094134,0.9722108884482781
64,131,135550671051.59572,0.00011398157689479493,0.24360687515548968,0.4869291454201755,0.7485134778110107,0.9695942438982036,137503841162.3654,0.00011398157689479493,0.24360687515548968,0.4877871137182621,0.7476946553749371,0.9695942438982036,136376077013.90048,0.00011398157689479493,0.24590187853949233,0.48727929895343547,0.7487114980348499,0.9695942438982036
64,132,6785138048.732267,0.0033295910387806105,0.23576254691575702,0.4409597088828925,0.5598165156801216,0.9845986167368871,6900772865.476411,0.0033295910387806105,0.23247473423588524,0.44126486609383786,0.5594511389897581,0.9845986167368871,6004689409.020598,0.0033295910387806105,0.22653876668005504,0.44154695036627245,0.5598922081701675,0.9845986167368871
64,133,2256589512.0955253,0.010156508918227503,0.3024189616359273,0.45396880931394273,0.7792810559319845,0.9868427295360523,2261775353.4278984,0.010156508918227503,0.29967391947180183,0.45396880931394273,0.775653176767706,0.9868427295360523,2258849716.109287,0.010156508918227503,0.30272853171035996,0.45396880931394273,0.7786016458169286,0.9868427295360523
64,134,38978798625972.86,0.005148372912886612,0.26323527127739266,0.3884003168921303,0.740147044120852,0.9813205971264272,38944830368054.48,0.005148372912886612,0.26294845503091363,0.3884003168921303,0.7461930076364227,0.9813205971264272,38884027802113.555,0.005148372912886612,0.26250412768251985,0.38857975740792716,0.7364100895555779,0.9813205971264272
64,135,28097423.62636421,0.01481437822894649,0.20364344646897237,0.47203495470429835,0.7885472592583519,0.9541854753281978,34608409.66884758,0.01481437822894649,0.20364344646897237,0.47186335797533585,0.7870608303625186,0.9541854753281978,27654476.55599251,0.01481437822894649,0.1905938142053999,0.47167110046682226,0.7898435228404883,0.9541854753281978
64,136,5876054502.175335,0.0005771114189789817,0.33089705544959136,0.49215218393272336,0.6716769791716413,0.9732753384569318,5780618112.584326,0.0005771114189789817,0.3311284859099206,0.4937086901822004,0.6721435153439346,0.9732753384569318,5667162022.877989,0.0005771114189789817,0.32987474084724316,0.4904328364971329,0.6719675276657742,0.9732753384569318
64,137,3302648.3497200706,0.005233750999587006,0.1814594163314265,0.5599584884530351,0.6704814070944857,0.9896582393035996,11370852.705160152,0.005233750999587006,0.18132788837921057,0.5573788879146759,0.6694746533825069,0.9896582393035996,3022053.681684564,0.005233750999587006,0.18163380468798493,0.5608914501539926,0.6704032060746314,0.9896582393035996
64,138,9496985.64397252,0.0008117285901331206,0.4257497528701019,0.7218137382617509,0.8773161019787309,0.9885259183265513,12485646.83045153,0.0008117285901331206,0.4265247481136921,0.7211337095690257,0.8764552522492142,0.9885259183265513,7232471.774524649,0.0008117285901331206,0.4262280080976966,0.7220188348651315,0.8764552522492142,0.9885259183265513
64,139,930545274.0431992,0.012097489852376797,0.21817847176598415,0.37635058494949447,0.6633841197842942,0.9853598608008083,1269684311.9407537,0.012097489852376797,0.21817702508754025,0.3767212412087312,0.6637935415933497,0.9853598608008083,1016896299.7551684,0.012097489852376797,0.21827660305667368,0.3765109319611742,0.662820039469699,0.9853598608008083
64,140,114040976.90246297,0.01792344553848524,0.28728751062264113,0.5882082509105178,0.8622368291161455,0.9891797676953051,131633111.45297544,0.01792344553848524,0.28728751062264113,0.5882082509105178,0.8622368291161455,0.9891797676953051,101051849.81152679,0.01792344553848524,0.28728751062264113,0.588579418660276,0.8622368291161455,0.9891797676953051
64,141,3193465.535358941,0.003302026684459558,0.19666645824740375,0.5645237466068365,0.7485438763611426,0.9792854391061067,7650784.389386066,0.003302026684459558,0.19665817788089396,0.5663157486157333,0.748675082140621,0.9792854391061067,3936352.8206923474,0.003302026684459558,0.19643462722050417,0.5628496431748239,0.7486422761840197,0.9792854391061067
64,142,1295328.7172739427,0.008476803858190829,0.12125105793832691,0.5260510284699118,0.7251868081247604,0.9707437626562389,3956009.0736060916,0.008476803858190829,0.12125105793832691,0.5281252880074838,0.7294510264735639,0.9707437626562389,1152570.5185942766,0.008476803858190829,0.12125300891931655,0.5287931728940447,0.7243068061882675,0.9707437626562389
64,143,240717990.57110584,0.01945715349192978,0.3217691628889105,0.5715114789936377,0.7993978516707887,0.9449172825920377,250127662.34173876,0.01945715349192978,0.32258740502636457,0.571560893483834,0.7994807168268379,0.9449172825920377,240483677.24745458,0.01945715349192978,0.3217691628889105,0.5715247913796704,0.799968622912912,0.9449172825920377
64,144,979024998.0375402,0.01191148559576749,0.2905870635966776,0.4968503952771679,0.7298701847398155,0.9871845923505911,1147767377.560423,0.01191148559576749,0.29263882723707985,0.5021978355400245,0.7298701847398155,0.9871845923505911,1013318606.2219231,0.01191148559576749,0.29069986999560143,0.4951740475460681,0.7494570355102863,0.9871845923505911
64,145,658692998.3240865,0.010100728046863239,0.2945567324363376,0.503578905796805,0.7255120732608268,0.9551950871819956,712011898.8695526,0.010100728046863239,0.29457034644173186,0.5020890029249981,0.7255120732608268,0.9551950871819956,633779649.7275112,0.010100728046863239,0.29539480971114584,0.5017413921699705,0.7279713630106585,0.9551950871819956
64,146,51438003091.60461,0.010894662643250896,0.12583185675766423,0.3829901504532204,0.6855822008433634,0.9943749706483117,51477493445.426414,0.010894662643250896,0.11974001699165347,0.3853870123531119,0.6855929127313958,0.9943749706483117,49928525032.16498,0.010894662643250896,0.11346802958725527,0.3832082442280075,0.68567333846172,0.9943749706483117
64,147,254587215.17300156,0.012570392276922249,0.1610004378728419,0.4075574143481996,0.6763971952477938,0.9647558582271049,609781336.1913655,0.012570392276922249,0.16060546929091019,0.40461481037575125,0.6761276484701104,0.9647558582271049,286399895.26957166,0.012570392276922249,0.16109005796071388,0.41024498229298184,0.6759008447176277,0.9647558582271049
64,148,368606336.23546433,0.011584794995415426,0.1464606147362419,0.4372410263913742,0.6894692666314269,0.9995816811659004,394467309.49628973,0.011584794995415426,0.1450569963243735,0.43684156357228754,0.68591660463065,0.9995816811659004,350621798.15222985,0.011584794995415426,0.1465723031601151,0.43738637748758136,0.6927450087472687,0.9995816811659004
64,149,885211754.2494078,0.01116095306944409,0.37215435453754064,0.49724268986523446,0.680768557909187,0.9910852695993779,2085460740.7228036,0.01116095306944409,0.37452527052749546,0.4915681273263015,0.680768557909187,0.9910852695993779,928301642.3894219,0.01116095306944409,0.3723551738819539,0.4978522944688992,0.6823427765109443,0.9910852695993779
64,150,31515233567.501446,0.01652392242958911,0.10013678680479011,0.34340431835965946,0.7140587939339137,0.9917442220512828,31522194819.63306,0.01652392242958911,0.10013678680479011,0.34340431835965946,0.7140587939339137,0.9917442220512828,31493473575.207104,0.01652392242958911,0.10017473642466757,0.3444690410296667,0.7133607281036114,0.9917442220512828
64,151,54076334.2535079,0.025176928276117838,0.21367294844048376,0.35421546167746015,0.6508604975997548,0.9891707908015002,104761767.30776471,0.025176928276117838,0.2176294112760785,0.3522694781309236,0.651103072498317,0.9891707908015002,55352984.27618417,0.025176928276117838,0.21557717513591768,0.35363773370496576,0.6507503144604212,0.9891707908015002
64,152,9111817.051612485,0.029067948044610104,0.31881649465194617,0.5549157877889472,0.8815636930880701,0.9992096296657739,15654991.085014723,0.029067948044610104,0.316310019775666,0.5561587622628354,0.8855366709662909,0.9992096296657739,9855091.99597912,0.029067948044610104,0.3186486968950107,0.5550338261805022,0.8804375545209872,0.9992096296657739
64,153,45782486.494355254,0.005210164943008744,0.3278799506265909,0.5157694339926606,0.876549149779674,0.983520837999718,64476150.95891655,0.005210164943008744,0.32831134160512815,0.5205120188284111,0.8765481674330747,0.983520837999718,48635013.51948614,0.005210164943008744,0.3281939214161424,0.522332178281913,0.8765396461935493,0.983520837999718
64,154,111575253432.99997,0.002943685957660813,0.16119122878386016,0.4581482601862659,0.6356881850772527,0.996153898095551,109451262514.24431,0.002943685957660813,0.16204414098388137,0.4581482601862659,0.624544048185945,0.996153898095551,107376656879.59146,0.002943685957660813,0.16123096574791246,0.46037871468375424,0.6357907887177789,0.996153898095551
64,155,929445034.5515321,0.0622187982119804,0.15682698392673,0.47945735261433414,0.8481286678407367,0.9807333692843565,1000899028.4759444,0.0622187982119804,0.15682698392673,0.47996897292550156,0.8486484459002429,0.9807333692843565,841898282.6377262,0.0622187982119804,0.1568452000918921,0.4791288470001831,0.847907018578355,0.9807333692843565
64,156,3474990953.463022,0.017355778724470694,0.32805059167095835,0.6468629872252014,0.7677159304867195,0.9971290602771049,4034850414.8387218,0.017355778724470694,0.3286387361019387,0.6469116825091548,0.7657795525659365,0.9971290602771049,3230039815.2122397,0.017355778724470694,0.3271194084134664,0.6476203344147318,0.7675605533446914,0.9971290602771049
64,157,5788079.626980692,0.02734628661078531,0.24487556169125646,0.5491989935027038,0.7489567150041879,0.9893272210787384,7367685.109906944,0.02734628661078531,0.24273063467838504,0.5470269363291851,0.7431607542351806,0.9893272210787384,5013161.08703192,0.02734628661078531,0.2427486459036317,0.5467219150323125,0.7378696176686067,0.9893272210787384
64,158,1707640899.721065,0.0037528234867223453,0.15722628573611824,0.3719452215560233,0.8272288375322575,0.9850223860886211,2130004086.3192284,0.0037528234867223453,0.15722628573611824,0.3719452215560233,0.8262953032980426,0.9850223860886211,1865675643.6076288,0.0037528234867223453,0.15732341889488732,0.3719452215560233,0.8289210664345026,0.9850223860886211
64,159,27359413464.692627,0.006219660178131914,0.15070456666630416,0.42269179816360386,0.6551338461919556,0.9520185717804378,29291625757.754745,0.006219660178131914,0.15070456666630416,0.42007579946030915,0.6569709466082886,0.9520185717804378,27886461772.778538,0.006219660178131914,0.1508723307824945,0.4233791386362059,0.6550718203235595,0.9520185717804378
64,160,72129578.36186273,0.008202029569452818,0.2187585516308338,0.4624042659586767,0.6851268916778271,0.9723361729848935,82523369.74527481,0.008202029569452818,0.2173418544686813,0.4624004976510165,0.6847471904042641,0.9723361729848935,62967411.21315613,0.008202029569452818,0.21175729356702425,0.46260671490782806,0.685125702519195,0.9723361729848935
64,161,2980155713.5193815,0.0022304249545647137,0.2437253761388233,0.4822977752629366,0.8078391163183184,0.9948045268865555,3348235780.965421,0.0022304249545647137,0.24384938748263552,0.47819698540220335,0.8076755872998658,0.9948045268865555,3055016585.4127507,0.0022304249545647137,0.243642799259251,0.46908080337524494,0.8079600373620968,0.9948045268865555
64,162,852615446.6856947,0.024914632288893457,0.22245133103342313,0.4980591949412991,0.8518629437778688,0.9953730049160696,949636350.0906916,0.024914632288893457,0.22250768578822364,0.49799941491537747,0.8522016441527152,0.9953730049160696,839516776.0814067,0.024914632288893457,0.22243890713123274,0.498277926158529,0.8517211972421553,0.9953730049160696
64,163,24962617.15950645,0.009457933819560727,0.22041397519062403,0.46836116916948956,0.6319250486228495,0.9871398825619992,33664247.413741656,0.009457933819560727,0.22041397519062403,0.47027000065937297,0.6388938490974572,0.9871398825619992,24104139.771001343,0.009457933819560727,0.21974327171537722,0.4684165148375963,0.630440516845839,0.9871398825619992
64,164,41861830.20799913,0.03794871495989116,0.3310428588203348,0.5239266279436685,0.6897970950309769,0.9880380559437932,51938595.29697137,0.03794871495989116,0.3293278725077149,0.5242240748697728,0.6874062027562626,0.9880380559437932,41489119.15523573,0.03794871495989116,0.33092643968733076,0.5251604908339971,0.6892414585889077,0.9880380559437932
64,165,32328227.42767816,0.006362709102178399,0.16870243548752484,0.5272963561162919,0.6709038837144438,0.9888782648239183,41516497.93516891,0.006362709102178399,0.16828426243089267,0.5272963561162919,0.6691007320976674,0.9888782648239183,33372948.024671596,0.006362709102178399,0.16613347812491108,0.5272963561162919,0.670728233622286,0.9888782648239183
64,166,92716929.02972497,0.00977535607131208,0.3235264262833833,0.5381394918580109,0.7735548310322955,0.9161969765321739,242476827.51193795,0.00977535607131208,0.3271871781191091,0.5376876712371969,0.7731865837323658,0.9161969765321739,117785305.66009517,0.00977535607131208,0.3318908354148157,0.5385701987601414,0.7736271439842753,0.9161969765321739
64,167,57991890.76125768,0.010529145816557284,0.1652266185296887,0.3688009922946179,0.7938680663937819,0.9925151542678889,141688417.37682965,0.010529145816557284,0.16536646967790664,0.36881616671758255,0.7947898367978297,0.9925151542678889,58716045.254568696,0.010529145816557284,0.16566832912154675,0.36890953880148025,0.7947837740834758,0.9925151542678889
64,168,916421597.4142028,0.04871278902696585,0.3176904957938716,0.5528033103099199,0.7423204556752934,0.988356572605311,948159107.4552972,0.04871278902696585,0.3173555034591905,0.5528033103099199,0.7436166386906489,0.988356572605311,912601400.5155294,0.04871278902696585,0.3155443561859891,0.5528033103099199,0.7419385639562537,0.988356572605311
64,169,4854155136.728145,0.0005629471872229397,0.308958598909654,0.6684725175762479,0.8349871263476837,0.98830206381788,5568719397.022995,0.0005629471872229397,0.308108524112836,0.6702504188391534,0.8358852771280835,0.98830206381788,5036159733.106951,0.0005629471872229397,0.3093280057558989,0.6680661520480344,0.8349197176344507,0.98830206381788
64,170,149809767.52336538,0.014329302875504268,0.2089110441760371,0.4316626390844306,0.8055030759406152,0.9951055146753405,170317509.49235365,0.014329302875504268,0.20916922640712649,0.42899499706028743,0.8032599018803717,0.9951055146753405,145744632.9172524,0.014329302875504268,0.2083171731759162,0.4326664001464655,0.8055030759406152,0.9951055146753405
64,171,45649031.987119816,0.004162004825402965,0.33845679036422494,0.5346809935284198,0.8304309584176752,0.9923264762022765,46541929.135191955,0.004162004825402965,0.3400251853821183,0.5350951139430156,0.8304309584176752,0.9923264762022765,36819247.683369376,0.004162004825402965,0.33770376088350734,0.534582653085421,0.8302323309632726,0.9923264762022765
64,172,15329001.154386329,0.0034670624911850023,0.22376623349642444,0.4819939956098506,0.6261310781461188,0.9903031161782767,32908089.49574325,0.0034670624911850023,0.22409722092050183,0.4835048762468833,0.6274765845517076,0.9903031161782767,11473701.530690877,0.0034670624911850023,0.22389114716254144,0.4822131120958304,0.6300631573623827,0.9903031161782767
64,173,1205347140.2637572,0.01644799492766791,0.36000137447007513,0.5206161522625552,0.7700716982536259,0.9944468591766483,1228020915.8662407,0.01644799492766791,0.3613766173522768,0.5248655491781751,0.7702634301005105,0.9944468591766483,1213495776.8641872,0.01644799492766791,0.3598112688423459,0.5197814387296494,0.7695976332328367,0.9944468591766483
64,174,46864397181.99779,0.0032669467474283342,0.24123673568405923,0.3853372427270841,0.784512235248634,0.9880639017059614,55934744851.17995,0.0032669467474283342,0.24123673568405923,0.37706125567956084,0.7939217565423397,0.9880639017059614,48568261661.32411,0.0032669467474283342,0.24121706831445588,0.3869356576011356,0.7847433820783033,0.9880639017059614
64,175,35156279.57428337,0.03047309062886072,0.13521866286793635,0.5057629463803514,0.9095592091548536,0.9963206193849249,70349723.42201073,0.03047309062886072,0.13463231434350936,0.5061683889801873,0.9086582559214824,0.9963206193849249,24175611.040434636,0.03047309062886072,0.1321389202667503,0.5058321534534793,0.909611305943269,0.9963206193849249
64,176,343215725.8978688,0.03713945380102979,0.27265339900547236,0.4812923513458436,0.6820835392367957,0.9898126718149224,377512713.85469824,0.03713945380102979,0.26876065193106213,0.4812923513458436,0.6832441184110526,0.9898126718149224,347697097.3907895,0.03713945380102979,0.2745838923286967,0.4898905815204115,0.6821825541025391,0.9898126718149224
64,177,8227007828.356053,0.0007243851157692216,0.2077018088045084,0.4544125261551947,0.554844491425164,0.9714895947535013,9490568296.756023,0.0007243851157692216,0.2077018088045084,0.45483261116346163,0.556992813915762,0.9714895947535013,8465813102.520727,0.0007243851157692216,0.2066344223760534,0.45441888577409384,0.5573327758964273,0.9714895947535013
64,178,21737025382.50021,0.025937028269301887,0.1836500960801572,0.4198740810550691,0.7753331504827587,0.9629309171631234,22247862587.397137,0.025937028269301887,0.1837141328802384,0.4223610547795575,0.7753495724367201,0.9629309171631234,21957300000.748394,0.025937028269301887,0.18431174011776139,0.43055870702285,0.775289773413504,0.9629309171631234
64,179,866879667.8419732,0.01115774086417054,0.21518700483902076,0.43917591301368764,0.7610172186074288,0.9905079288591929,2262882181.450671,0.01115774086417054,0.21518700483902076,0.4419697589608735,0.7618783256756775,0.9905079288591929,967869355.9490349,0.01115774086417054,0.21461391088295592,0.4387402235700415,0.7601610191708148,0.9905079288591929
64,180,30109317.75649112,0.02197383140937237,0.4085742873093552,0.5323245816714806,0.7338380818951834,0.9799006807331065,33713838.088787295,0.02197383140937237,0.4091004243617857,0.5347456321932726,0.7343909053024089,0.9799006807331065,10163304.470514443,0.02197383140937237,0.40599455270385654,0.5347456321932726,0.733885222647047,0.9799006807331065
64,181,64603353.25333585,0.0356765752410394,0.3561169122902346,0.5247175810362625,0.7917798831713849,0.9806688478462786,92916096.84780791,0.0356765752410394,0.35926410865508535,0.5240200998520214,0.7846065896212143,0.9806688478462786,32669379.07333244,0.0356765752410394,0.3638902261913802,0.5245176245074774,0.7906624551710202,0.9806688478462786
64,182,2575123.6395507604,0.03826629603095266,0.34341876348784994,0.6040941411985628,0.7953620101670957,0.9742027049083998,3502923.9030913194,0.03826629603095266,0.3431847439231642,0.6054546805453667,0.7956319041488897,0.9742027049083998,2103304.256454573,0.03826629603095266,0.34353830704651234,0.605959086756245,0.7961964647926247,0.9742027049083998
64,183,221385462.42863223,0.001652032655646729,0.12278970801761306,0.46578320964016645,0.8247257227901014,0.9966356699567965,287310791.30237395,0.001652032655646729,0.12278970801761306,0.4703941728790662,0.8214904817876858,0.9966356699567965,178136011.0978813,0.001652032655646729,0.12279917348888335,0.46579542311804656,0.8253264043858535,0.9966356699567965
64,184,5147733755.630384,0.00453942194125756,0.20882905119097772,0.2932573493057603,0.654735606798636,0.9913704357535507,5732728703.865709,0.00453942194125756,0.20872163505043986,0.2936120341838627,0.6547521947427613,0.9913704357535507,5231962417.476503,0.00453942194125756,0.20885091375326065,0.2931483880374127,0.6536306718981011,0.9913704357535507
64,185,171358174.16948768,0.017604757850555264,0.32956421427268534,0.5902984545406782,0.7631414484259527,0.9713758872289489,235896230.28887123,0.017604757850555264,0.32946949602736153,0.5902509124047945,0.764862492605744,0.9713758872289489,182955593.16652244,0.017604757850555264,0.3289937735170467,0.5902514975989932,0.7622710646705477,0.9713758872289489
64,186,868934605.0716953,0.04119666226042473,0.25391100860899934,0.5263218816167694,0.7586099326508606,0.9836839989618481,920481008.5089748,0.04119666226042473,0.2643061312967506,0.5260420037192541,0.7601039480133184,0.9836839989618481,871907790.7508309,0.04119666226042473,0.25889962337368966,0.5265933520929071,0.7597814869975268,0.9836839989618481
64,187,31696354.453360554,0.01585177247104197,0.2998356099139661,0.42729936311016925,0.7278645482272876,0.9930277618971374,55200430.45273822,0.01585177247104197,0.30014180724641815,0.42729936311016925,0.7291976618513638,0.9930277618971374,28989802.755418748,0.01585177247104197,0.2998701356189677,0.42727951985656976,0.72760944383612,0.9930277618971374
64,188,68269213569.39625,0.023799303659818083,0.25406756110212464,0.4559527759486183,0.6895697318066308,0.9941618158179548,73805318519.19691,0.023799303659818083,0.2552092632898182,0.45553857532772735,0.6895697318066308,0.9941618158179548,62082850426.64004,0.023799303659818083,0.2591171009484426,0.4571678621612172,0.6895697318066308,0.9941618158179548
64,189,247478570820.06937,0.05427855366827117,0.2446234035486945,0.44583378895738335,0.7051827059306504,0.9941266884424725,242974669208.2151,0.05427855366827117,0.24487880309806875,0.44283479873884635,0.7038129249268947,0.9941266884424725,232690588575.11176,0.05427855366827117,0.244458317204152,0.44583378895738335,0.7058046343732591,0.9941266884424725
64,190,114550960944094.5,0.005600120471936254,0.2598965523798044,0.437344709794131,0.7297139289424326,0.9938607292944303,114550971903691.08,0.005600120471936254,0.2566233950512028,0.4289154229870671,0.7301590823443951,0.9938607292944303,114548199096657.31,0.005600120471936254,0.25401731277670475,0.44170024755289894,0.7297139289424326,0.9938607292944303
64,191,16715073983.393826,0.005226734887562645,0.31671220873782796,0.6111763159266039,0.9060022590466541,0.9744730728901294,25194991123.444828,0.005226734887562645,0.32085499019450536,0.6111763159266039,0.9059242238775891,0.9744730728901294,19192440500.169117,0.005226734887562645,0.3137059461925997,0.6092577321410131,0.9063205254752018,0.9744730728901294
64,192,93302846.54626049,0.01585626412622476,0.2629769597192634,0.5332313527925782,0.8244628429491787,0.9736333291301842,107425169.63792382,0.01585626412622476,0.26283624521674753,0.5340015366403723,0.8250684106197297,0.9736333291301842,96222370.08502078,0.01585626412622476,0.26266390878192625,0.5340015366403723,0.8244832645568444,0.9736333291301842
64,193,1230210618.4082637,0.009528563740513807,0.3543925340425083,0.5090559406042106,0.8110543410218853,0.9943851187244328,1251625921.7530859,0.009528563740513807,0.3562459599186123,0.509643445297678,0.8115122742929946,0.9943851187244328,1221813698.5281992,0.009528563740513807,0.3542086178735608,0.5094285736527424,0.811280252609841,0.9943851187244328
64,194,3548651994.1184807,0.004411242581799701,0.24068438020965982,0.5554416499790116,0.7617062642193615,0.9859568796188797,4094234107.955762,0.004411242581799701,0.24787259546870766,0.5540571671034287,0.7602697486806358,0.9859568796188797,3464777007.4909806,0.004411242581799701,0.24053644326008047,0.5532162427441416,0.7605390754022479,0.9859568796188797
64,195,83600547.85399675,0.037045960590535776,0.24803073715017201,0.4993835356043451,0.7671147242546204,0.9906148525307973,75378944.78729108,0.037045960590535776,0.2491165719684488,0.4938565075139697,0.7671151415864031,0.9906148525307973,26530157.74787443,0.037045960590535776,0.24804967248059082,0.4988252282279573,0.7675877583128671,0.9906148525307973
64,196,56086192.97712077,0.0018154374809415952,0.12641803548445005,0.39547627763388515,0.6796570724574135,0.9806874788809606,80784978.54637937,0.0018154374809415952,0.12948152372264268,0.3964140730631091,0.6772023883700805,0.9806874788809606,61480418.353982925,0.0018154374809415952,0.12505707279007708,0.3955072574494276,0.6799654064747906,0.9806874788809606
64,197,256216596873960.62,0.005934400899492487,0.22681284954411524,0.5200010093017795,0.8401667849466512,0.9902481925992203,256216621616543.4,0.005934400899492487,0.22681711651319114,0.5190361600857192,0.8403380708914987,0.9902481925992203,253953553811953.06,0.005934400899492487,0.2267597825790806,0.5197668427346367,0.8396419521656946,0.9902481925992203
64,198,156087624.71434766,0.00016925162204584066,0.22768318990626354,0.38560719567494534,0.772695605892557,0.993019352192931,356367813.4065581,0.00016925162204584066,0.22768318990626354,0.39077446941902266,0.7704120539320792,0.993019352192931,115728752.98255195,0.00016925162204584066,0.22768318990626354,0.3859069649848096,0.7728241840308792,0.993019352192931
64,199,16652278.297337085,0.010396317502596397,0.263680552692243,0.4972776183966777,0.7969867810055304,0.9743114979093426,16943849.51359927,0.010396317502596397,0.2644116848614682,0.4972776183966777,0.7969867810055304,0.9743114979093426,9826058.05710069,0.010396317502596397,0.2649689574497897,0.4972776183966777,0.7969159142359731,0.9743114979093426
